 16 1.0 0.23357107263680266
 16 2.0 0.07221167657698419
 16 3.0 0.04633759921950065
 16 4.0 0.01321223309538827
 16 5.0 0.011864183639831494
 16 6.0 0.0053280440071394874
 16 7.0 0.0025401527071457486
 16 8.0 0.0027734169607936954
 16 9.0 0.0003104279228031137
 16 10.0 0.001318966933519683
 16 11.0 0.000108246392768796
 16 12.0 0.0004460874064769471
 16 13.0 0.00020057151086227964
 16 14.0 9.009872520626683e-05
 16 15.0 0.0001855181872916778
 16 16.0 1.8477922206217023e-05
 16 17.0 0.00013131783178410572
 16 18.0 3.3741001658982306e-05
 16 19.0 6.128434862207044e-05
 16 20.0 4.8426587967442813e-05
 16 30.0 1.7901225886851613e-05
 16 40.0 1.1769417874174515e-05
 16 50.0 7.022507856335736e-06
 16 60.0 4.61097119841547e-06
 16 70.0 3.724434038565594e-06
 16 80.0 2.5704045135688247e-06
 16 90.0 1.991685411206756e-06
 16 100.0 1.7112733783908318e-06
