 9 1.0 0.17857193717218356
 9 2.0 0.030111122223205555
 9 3.0 0.01756679680700196
 9 4.0 0.005422885656295673
 9 5.0 0.0007866336148376063
 9 6.0 0.0017660824185237733
 9 7.0 0.000156574304484014
 9 8.0 0.00037751518986006705
 9 9.0 0.00028769593562671947
 9 10.0 0.00013532054080561684
 9 11.0 0.00017282363425707992
 9 12.0 0.00012053344040185987
 9 13.0 0.00010809272437012352
 9 14.0 8.92822869518195e-05
 9 15.0 8.352753008128433e-05
 9 16.0 7.009748433511875e-05
 9 17.0 5.951518622260288e-05
 9 18.0 6.030833380243905e-05
 9 19.0 4.6970896737996704e-05
 9 20.0 4.505270992360977e-05
 9 30.0 1.8647584953179752e-05
 9 40.0 1.2100492572608701e-05
 9 50.0 6.705185786881618e-06
 9 60.0 4.774147086661351e-06
 9 70.0 3.7464133735287675e-06
 9 80.0 2.4429028130379393e-06
 9 90.0 2.120853461073935e-06
 9 100.0 1.6576117268796153e-06
