N= 16
Hc= 1.0
field_i= 2.0
field_f= 0.0
tau=infty
Nsteps= 101
field_steps: h(t)= [2.0, 1.98, 1.96, 1.94, 1.92, 1.9, 1.88, 1.8599999999999999, 1.84, 1.82, 1.8, 1.78, 1.76, 1.74, 1.72, 1.7, 1.68, 1.66, 1.6400000000000001, 1.62, 1.6, 1.58, 1.56, 1.54, 1.52, 1.5, 1.48, 1.46, 1.44, 1.42, 1.4, 1.38, 1.3599999999999999, 1.3399999999999999, 1.3199999999999998, 1.3, 1.28, 1.26, 1.24, 1.22, 1.2, 1.1800000000000002, 1.1600000000000001, 1.1400000000000001, 1.12, 1.1, 1.08, 1.06, 1.04, 1.02, 1.0, 0.98, 0.96, 0.94, 0.9199999999999999, 0.8999999999999999, 0.8799999999999999, 0.8600000000000001, 0.8400000000000001, 0.8200000000000001, 0.8, 0.78, 0.76, 0.74, 0.72, 0.7, 0.6799999999999999, 0.6599999999999999, 0.6399999999999999, 0.6200000000000001, 0.6000000000000001, 0.5800000000000001, 0.56, 0.54, 0.52, 0.5, 0.48, 0.45999999999999996, 0.43999999999999995, 0.41999999999999993, 0.3999999999999999, 0.3799999999999999, 0.3600000000000001, 0.3400000000000001, 0.32000000000000006, 0.30000000000000004, 0.28, 0.26, 0.24, 0.21999999999999997, 0.19999999999999996, 0.17999999999999994, 0.15999999999999992, 0.1399999999999999, 0.1200000000000001, 0.10000000000000009, 0.08000000000000007, 0.06000000000000005, 0.040000000000000036, 0.020000000000000018, 0.0]
small -h_z\sigma^z: hz= 0.0
site1 [0, 1, 2, 3, 4, 5, 6, 7, 8, 9, 10, 11, 12, 13, 14, 15]
site2 [1, 2, 3, 4, 5, 6, 7, 8, 9, 10, 11, 12, 13, 14, 15, 0]
Jzz [1. 1. 1. 1. 1. 1. 1. 1. 1. 1. 1. 1. 1. 1. 1. 1.]
Jx [1. 1. 1. 1. 1. 1. 1. 1. 1. 1. 1. 1. 1. 1. 1. 1.]
time: prepare interaction 0.002669095993041992
time: prepare Hamiltonian 2.9925360679626465
energy(t=0) -34.033424992694805 -32.033417245559455
time: prepare intial state 0.9934892654418945
ene0 [-34.033424992694755, -34.03319771132181, -34.032495633953545, -34.03128682594886, -34.02953710187641, -34.02720983921538, -34.024265773408544, -34.02066277196904, -34.01635558499216, -34.011295569002186, -34.00543038057035, -33.99870363553245, -33.991054528921005, -33.982417409840394, -33.97272130445324, -33.961889378928404, -33.94983833260291, -33.936477709599565, -33.921709114682216, -33.905425316026076, -33.88750921371093, -33.86783264786538, -33.846255014235666, -33.82262164716899, -33.796761920128475, -33.76848700135664, -33.73758718646206, -33.70382870971684, -33.66694991076653, -33.62665660229184, -33.58261644604631, -33.53445209926232, -33.481732841472954, -33.42396433668307, -33.36057613581244, -33.29090649681899, -33.21418412852334, -33.12950661029518, -33.03581561011153, -32.93186979421215, -32.816217764951226, -32.68717586067791, -32.54281964568287, -32.3810037082581, -32.199431587606654, -31.99580414141023, -31.768075080814473, -31.51482727616886, -31.235741992643234, -30.932063850712748, -30.606891712135017, -30.26510745731564, -29.91284837132, -29.556622435467983, -29.20234557466868, -28.854612882670576, -28.516380454668322, -28.18903990669442, -27.872739842020533, -27.566788449856745, -27.270020841692737, -26.981078374636457, -26.698593363292034, -26.4212954243079, -26.148061870946766, -25.87793233827234, -25.610102824569772, -25.343909401825595, -25.078807973552973, -24.814353749970227, -24.55018235385742, -24.285993394828782, -24.021536726731078, -23.756601266195997, -23.491006088160805, -23.224593454501754, -22.95722342985423, -22.68876976669597, -22.419116783350695, -22.148157003979097, -21.875789373476106, -21.601917899581924, -21.326450608282276, -21.049298726430898, -20.770376027823314, -20.489598296288513, -20.206882872507702, -19.922148260973525, -19.63531378049137, -19.346299246543115, -19.055024677202862, -18.761410016552798, -18.465374871026558, -18.166838255063244, -17.865718343078846, -17.561932225083513, -17.255395663616415, -16.94602284968721, -16.63372615558228, -16.318415882380744, -16.0]
ene [-34.033424992694755, -33.734701438360716, -33.436437476427066, -33.1386485438726, -32.84135079905804, -32.54456116616817, -32.24829738317712, -31.952578053696527, -31.657422703107866, -31.362851839434995, -31.068887019482425, -30.775550920825236, -30.48286742033769, -30.190861680039465, -29.899560241165084, -29.60899112750652, -29.319183959254495, -29.030170078769952, -28.741982689978542, -28.454657013384818, -28.16823045908224, -27.88274282059873, -27.598236492988775, -27.31475671928319, -27.03235187028369, -26.751073763765408, -26.47097803049732, -26.192124536152413, -25.914577870249357, -25.638407915814952, -25.363690516582096, -25.090508262332843, -24.818951417495953, -24.549119023326924, -24.281120209719482, -24.015075758453047, -23.75111996437826, -23.489402842600903, -23.230092724334725, -22.973379265205804, -22.719476846659056, -22.468628267257888, -22.22110847294637, -21.977227836064205, -21.737334139610116, -21.501811963865446, -21.271077693516684, -21.045568095759226, -20.82572077617505, -20.61194629071757, -20.40459447475669, -20.203920969723335, -20.01006220398967, -19.823026190189797, -19.642701966322065, -19.468884432833203, -19.301307042939584, -19.13967420358729, -18.98368768648582, -18.833064764742854, -18.6875484739349, -18.54691175958291, -18.410957555627597, -18.279516535551096, -18.15244378902249, -18.029615219954387, -17.91092411485966, -17.79627809761882, -17.685596544615706, -17.578808454993553, -17.475850731692756, -17.376666813694335, -17.281205597922707, -17.189420593986274, -17.101269262536523, -17.016712496347303, -16.93571421113259, -16.858241020115656, -16.7842619722622, -16.71374833888146, -16.64667343711509, -16.58301248177297, -16.52274245922651, -16.465842018740787, -16.412291377856008, -16.362072239329553, -16.315167717786892, -16.271562274686524, -16.23124166053133, -16.194192863489025, -16.16040406375429, -16.129864593103537, -16.102564899195272, -16.078496514233972, -16.05765202768115, -16.040025062745343, -16.025610256425082, -16.01440324292014, -16.006400640256114, -16.001600040003957, -16.0]
mz0mz1 [0.25866170658976806, 0.26147315095091733, 0.26434923485165773, 0.26729233896280574, 0.2703049707136973, 0.2733897736419695, 0.2765495376803296, 0.2797872105047982, 0.28310591008983577, 0.2865089386409516, 0.28999979810571835, 0.2935822075007823, 0.2972601223371049, 0.30103775647988873, 0.30491960684610164, 0.308910481423908, 0.31301553119846265, 0.3172402866920052, 0.3215906999788655, 0.3260731932249216, 0.33069471503545605, 0.335462806186049, 0.3403856766718471, 0.3454722964573591, 0.3507325028609497, 0.35617712818699054, 0.361818152046959, 0.36766888380997387, 0.37374418180747254, 0.3800607172818213, 0.3866372925728558, 0.39349522456487845, 0.4006588057215344, 0.40815585563432266, 0.41601837501530425, 0.4242833099144084, 0.4329934239797415, 0.44219825643833144, 0.4519551062607821, 0.4623299183872462, 0.4733978418263021, 0.48524306546614965, 0.4979573033408222, 0.5116360061565546, 0.5263710867259104, 0.5422388452902572, 0.5592822214506679, 0.5774879839614004, 0.5967623619792415, 0.6169124651599625, 0.6376435773361474, 0.6585806759361119, 0.6793143011725989, 0.6994591563113131, 0.7187063659692724, 0.7368532540490353, 0.7538057637148962, 0.7695599828627958, 0.784174240607455, 0.7977416843539857, 0.810368764297689, 0.8221609829379889, 0.8332149271750744, 0.8436148044203442, 0.8534317886212499, 0.8627248943806776, 0.8715425335706347, 0.8799242532664574, 0.8879023890697368, 0.8955035138136588, 0.9027496451370969, 0.9096592191191946, 0.9162478571560825, 0.922528959941209, 0.9285141621296217, 0.9342136777268246, 0.9396365615104989, 0.9447909069623077, 0.9496839967888652, 0.9543224183580661, 0.9587121533140515, 0.9628586482139116, 0.9667668711688803, 0.9704413580758714, 0.9738862509973392, 0.97710533050635, 0.9801020432874945, 0.9828795259166682, 0.9854406254880961, 0.9877879175821187, 0.9899237219468111, 0.9918501161822535, 0.9935689476571348, 0.9950818438427047, 0.9963902212165181, 0.9974952928612595, 0.9983980748620087, 0.9990993915869464, 0.9995998799199207, 0.9998999924987406, 1.0]
mx0mx1 [0.931001963686555, 0.9294503826452926, 0.9278439510004879, 0.9261799523408272, 0.9244554925626876, 0.922667484972491, 0.9208126338094208, 0.9188874159784072, 0.9168880607486178, 0.9148105271314371, 0.9126504786021915, 0.9104032547697364, 0.9080638395253803, 0.9056268251138178, 0.9030863714605162, 0.9004361599567513, 0.8976693407397076, 0.8947784723018924, 0.8917554520123528, 0.8885914358183331, 0.8852767450038403, 0.8818007573908019, 0.878151779752684, 0.8743168974371013, 0.8702817962232632, 0.86603055022273, 0.8615453681110162, 0.8568062880875746, 0.8517908096359127, 0.8464734473354352, 0.8408251886366787, 0.8348128337045089, 0.828398191373687, 0.821537101474945, 0.8141782513747569, 0.8062617556399568, 0.7977174761310728, 0.7884630822443639, 0.7784018986484476, 0.7674206784602208, 0.755387599651446, 0.742151046179411, 0.727540138596263, 0.7113685342104904, 0.6934436562296723, 0.6735839816527083, 0.6516467484632751, 0.6275665095249159, 0.6014004468697939, 0.5733694679418584, 0.5438777479046567, 0.5134934053749916, 0.482884367476444, 0.4527234526417242, 0.4235929474641156, 0.39591905520218573, 0.3699505550883297, 0.345776192898443, 0.3233639321773572, 0.30260497065569397, 0.2833515408798908, 0.26544425372147834, 0.24872922566569433, 0.23306720906228737, 0.21833727978453943, 0.20443722004827264, 0.1912821262573431, 0.17880222885206104, 0.16694050818600922, 0.15565042113009908, 0.14489388585369128, 0.13463957476185434, 0.12486151261704173, 0.1155379509298867, 0.10665047942674569, 0.09818333376510764, 0.09012286145829507, 0.08245711273255579, 0.07517552838824104, 0.06826870192841696, 0.06172819788748633, 0.05554641229278765, 0.04971646450147177, 0.04423211231725094, 0.039087684383206575, 0.034278025455422065, 0.029798451375135215, 0.025644711454839726, 0.021812956646606943, 0.01829971232789418, 0.01510185486937778, 0.01221659137884013, 0.009641442174002975, 0.007374225647110516, 0.005413045263326742, 0.0037562784824907804, 0.0024025674511457444, 0.0013508113240251274, 0.0006001601161057157, 0.00015001000181293002, -1.1865878963198804e-17]
mx [0.9342136777268271, 0.9328008530033465, 0.93134087113522, 0.9298315438294984, 0.9282705490767897, 0.9266554206544931, 0.924983536578848, 0.923252106371632, 0.921458156986086, 0.9195985172108424, 0.9176698003399641, 0.9156683848599977, 0.913590392860226, 0.9114316658175705, 0.9091877373411112, 0.9068538023795588, 0.9044246822946098, 0.9018947850789857, 0.8992580598443832, 0.8965079445133552, 0.8936373054107396, 0.8906383671527682, 0.8875026308589403, 0.8842207782453514, 0.8807825585735414, 0.8771766546989002, 0.8733905235534627, 0.8694102052736681, 0.8652200938077192, 0.8608026601807113, 0.8561381176525186, 0.8512040158195094, 0.8459747484352618, 0.8404209577041852, 0.834508816736489, 0.8281991730683901, 0.8214465420264844, 0.8141979533525582, 0.8063916846855927, 0.7979559718755058, 0.7888078842415758, 0.7788527129131104, 0.7679844622571781, 0.7560883628047874, 0.7430466937497525, 0.7287494567739409, 0.7131112355501162, 0.6960943603995764, 0.6777357562804779, 0.658170762754791, 0.6376435773361464, 0.6164942700730579, 0.5951193610174517, 0.5739148729527124, 0.5532201162237623, 0.5332800255589376, 0.5142340073509353, 0.4961275056528016, 0.4789359997594161, 0.46259129688103173, 0.4470037691540574, 0.4320782077383895, 0.41772357901533635, 0.4038580797994535, 0.390411039156464, 0.3773229383806767, 0.3645444464824863, 0.3520350421738178, 0.33976155463866486, 0.3276967977797419, 0.31581837598949475, 0.30410768402880206, 0.2925490941323042, 0.28112930959802035, 0.2698368591902158, 0.25866170658976717, 0.2475949514276937, 0.23662860172809558, 0.22575540108527684, 0.21496869719531694, 0.2042623412641015, 0.19363061025498127, 0.18306814592437998, 0.17256990616303133, 0.1621311253708103, 0.15174728150583844, 0.1414140681221184, 0.13112737019709106, 0.12088324289630986, 0.11067789266340973, 0.10050766018919094, 0.09036900492615384, 0.08025849089100888, 0.07017277354939012, 0.06010858761295585, 0.05006273560323048, 0.040032077057007925, 0.03001351825924715, 0.020004002402001644, 0.010000500075015422, 3.630090250410708e-18]
mz [-4.073130721593548e-15, -3.698430450782536e-15, -2.3661628212323676e-15, -4.4547698863084485e-15, 9.020562075079373e-16, -2.886579864025404e-15, -3.011479954295741e-15, 2.6367796834847417e-15, -4.968248035197585e-15, -2.928213227448849e-15, -4.302114220422488e-15, -8.465450562766789e-16, 1.2490009027033014e-16, -3.150257832373876e-15, 8.326672684688677e-17, 1.3739009929736312e-15, 4.135580766728685e-15, -2.359223927328459e-16, 1.859623566247139e-15, 5.953570969552404e-15, 2.498001805406605e-16, -1.6653345369377363e-16, -1.3461454173580005e-15, -3.733124920302087e-15, 2.4980018054065973e-16, -4.4408920985006163e-16, -4.9127368839663185e-15, -3.19189119579733e-15, -3.4833247397614208e-15, 7.119305145408802e-15, -1.9428902930940111e-16, -2.9837243786801062e-15, 5.856426454897706e-15, -2.7200464103316335e-15, 2.4993895841873742e-14, 2.0719537197067072e-14, 8.548717289613697e-15, -1.5334955527635006e-14, 2.3037127760972117e-15, -5.495603971894518e-15, -4.135580766728706e-15, 3.580469254416147e-15, 1.7902346272080633e-14, -2.3814283878209567e-14, 6.439293542825899e-15, -9.164891068280675e-14, -1.0091927293842677e-13, -1.3056222769591854e-13, 1.3697376566312856e-13, 2.8446689448458185e-13, 1.6514567491299287e-13, 9.880984919163867e-14, 1.4782619572883934e-13, 5.634381849972658e-14, -8.201217482906054e-13, -2.8060886947400867e-13, -2.8638202920205847e-13, -2.6237900740966167e-12, -7.0941585939010735e-12, -4.571898415406401e-13, -2.485789352135742e-13, -1.1243173059227737e-11, -2.01935135279996e-11, 1.1194378757295433e-12, 7.720324379789617e-12, 1.3774537066524263e-12, 2.8502589177747837e-11, 1.088523715608855e-11, -7.402412016688249e-13, -4.993172542100426e-12, 2.7850555195385657e-11, -3.5618646920810017e-10, -2.074838079124671e-10, 9.645073628661265e-10, -5.851193696226886e-09, 2.0640975040286806e-09, 6.374957228771932e-10, -2.7012715397844987e-09, -5.137644798480764e-08, 3.6330519598282014e-07, 1.1483447531768174e-07, -1.8211430563575017e-07, -2.828985947167528e-07, 4.237690645003664e-06, -2.338385834527167e-05, -9.418469370137135e-06, -2.1536121032283915e-05, 0.0002088999280349659, -0.0003393418170434818, -0.0010004470653168884, -0.002086439166083209, -0.0031662973691466458, -0.17043301336729988, 0.33846132285899583, -0.6633261214385635, -0.7567057853680159, -0.778429002683066, 0.48585658072573146, 0.9728826985147743, 0.15315251636162958, -0.6320081236679362]
mx_stag [-1.1926223897340564e-18, -4.119968255444898e-18, -9.757819552369551e-19, 1.3010426069826076e-18, 3.252606517456505e-18, -2.1684043449710065e-19, 2.168404344971012e-18, -3.0357660829594063e-18, -9.324138683375355e-18, -6.5052130349130235e-18, 4.5536491244391256e-18, 4.5536491244391024e-18, 6.071532165918826e-18, -1.3227266504323131e-17, 6.93889390390723e-18, -4.336808689942018e-19, -6.505213034912991e-19, -1.951563910473909e-18, 7.155734338404337e-18, 8.456776945386938e-18, 8.673617379884046e-18, 4.987329993433325e-18, 1.084202172485503e-17, 1.9515639104739072e-18, -2.450296909817235e-17, -2.3852447794681044e-18, 4.119968255444918e-18, -8.456776945386948e-18, 4.1199682554449076e-18, 2.1684043449710045e-19, 1.0842021724854973e-18, -1.5178830414797052e-18, 3.686287386450719e-18, 9.540979117872439e-18, 3.469446951953601e-18, 5.204170427930444e-18, 3.903127820947813e-18, -7.806255641895647e-18, -9.107298248878285e-18, -8.673617379884024e-19, -9.974659986866635e-18, -3.0357660829594274e-18, 0.0, -2.5587171270657858e-17, 1.2576745200831834e-17, -3.469446951953617e-18, -9.974659986866644e-18, -1.3010426069826065e-18, 7.806255641895626e-18, -2.1684043449710173e-18, 3.8163916471489953e-17, 1.474514954580282e-17, 1.3877787807814432e-17, 9.54097911787242e-18, 6.678685382510725e-17, -3.6429192995513e-17, -3.209238430557086e-17, 5.2041704279303905e-18, -8.673617379884057e-18, 2.602085213965214e-17, 1.118896642005048e-16, 4.2500725161431805e-17, -2.9490299091605745e-17, -4.076600168545489e-17, 1.734723475976801e-18, 6.33174068731532e-17, -1.99493199737332e-17, -7.806255641895611e-17, 9.714451465470143e-17, -4.9439619065339156e-17, -1.3877787807814488e-17, 1.3617579286418042e-16, 2.7321894746634662e-17, 1.3010426069826013e-17, 2.211772431870429e-17, -1.5178830414796957e-17, -4.5102810375397176e-17, -4.640385298237957e-17, -1.0408340855860813e-17, 1.3010426069826005e-18, 8.153200337090961e-17, -3.0357660829594167e-18, 1.431146867680871e-17, -1.006139616066545e-16, -8.23993651088983e-18, 1.9515639104739095e-17, 8.716985466783432e-17, 6.071532165918798e-18, -1.0885389811754477e-16, 3.014082039509732e-17, -5.876375774871464e-17, 4.5102810375397034e-17, -2.558717127065785e-17, 3.9356538861223645e-17, -5.854691731421707e-18, 9.97465998686664e-18, -1.7347234759768113e-18, -2.4665599424045204e-17, -1.897353801849613e-17, 1.0814916670542868e-17, 1.0747264148123325e-17]
mz_stag [-6.938893903907237e-17, -4.510281037539679e-17, -5.55111512312579e-17, 3.1225022567582583e-17, 5.551115123125768e-17, -3.816391647148971e-17, 4.1633363423443426e-17, 2.7755575615628858e-17, -3.122502256758259e-17, 1.0755285551056199e-16, -4.163336342344344e-17, -2.7755575615628815e-17, -3.1225022567582534e-17, -4.1633363423443296e-17, -2.324529457808922e-16, 1.734723475976807e-17, -3.469446951953595e-18, -1.3877787807814466e-17, 3.81639164714898e-17, -2.4286128663675312e-17, 6.245004513516513e-17, 3.469446951953617e-18, -5.551115123125775e-17, -6.245004513516503e-17, 2.0816681711721645e-17, -8.326672684688656e-17, -2.4286128663675305e-17, -3.46944695195362e-17, -1.7347234759768034e-17, 6.9388939039072145e-18, -7.112366251504862e-17, -3.469446951953612e-17, 5.89805981832115e-17, -8.673617379884035e-18, -3.122502256758241e-17, 5.204170427930444e-18, -5.030698080332736e-17, -1.7347234759768106e-18, 2.0816681711721793e-17, 6.938893903907219e-18, -3.122502256758251e-17, 2.0816681711721787e-17, 4.336808689942014e-17, -8.67361737988402e-18, -2.0816681711721657e-17, -3.469446951953617e-18, 1.561251128379127e-17, -1.387778780781447e-17, -5.204170427930417e-18, 3.2959746043559464e-17, -6.5919492087119e-17, -1.7347234759768025e-18, -1.734723475976804e-18, -1.908195823574484e-17, 2.515349040166377e-17, -9.540979117872451e-18, 3.642919299551287e-17, -5.2041704279303905e-18, 1.7347234759768113e-18, 9.540979117872451e-18, 5.63785129692466e-17, -3.295974604355936e-17, 8.673617379884042e-18, 1.0408340855860824e-17, 3.469446951953602e-18, -1.82145964977564e-17, 2.6020852139652002e-18, 2.168404344971003e-18, 2.602085213965217e-18, -2.385244779468117e-17, 1.4745149545802894e-17, -1.431146867680877e-17, -4.33680868994201e-19, 6.5052130349130066e-18, 5.204170427930421e-18, -8.673617379883976e-19, -2.168404344971018e-19, -1.0408340855860838e-17, 5.421010862427507e-18, 1.7347234759768005e-18, 8.673617379884002e-18, -5.421010862427529e-18, -2.168404344971017e-19, -1.8648277366750618e-17, -7.91467585914418e-18, -4.336808689942022e-19, -1.3010426069826019e-18, -1.9515639104738995e-18, -5.800481622797455e-18, -2.8731357570866153e-18, -1.1872013788716334e-17, -4.065758146820646e-18, -1.3010426069826024e-18, 1.9244588561617623e-18, -3.252606517456504e-19, 4.743384504624081e-19, -5.421010862427535e-20, 2.3107058801097294e-18, 5.963111948670212e-19, -4.802676810931866e-19, -5.1852993561095774e-33]
loschmidt_echo [0.9999999999999976, 0.9999658512068219, 0.9998601160330362, 0.9996775911584391, 0.9994126891660979, 0.9990594062024019, 0.9986112864213752, 0.9980613828251228, 0.9974022140543046, 0.9966257166131521, 0.9957231919321682, 0.9946852475728771, 0.9935017317613545, 0.9921616602944089, 0.9906531346892813, 0.9889632502364256, 0.9870779923563234, 0.98498211934292, 0.9826590291831057, 0.9800906076544968, 0.97725705429807, 0.9741366821074422, 0.9707056858352634, 0.9669378726419238, 0.9628043473464664, 0.9582731427180982, 0.9533087829943677, 0.9478717660512774, 0.9419179463163951, 0.9353977965751806, 0.9282555223311275, 0.9204279975727842, 0.9118434862461808, 0.902420110620263, 0.892064028347882, 0.8806672885281376, 0.8681053607514241, 0.8542343822564391, 0.8388882668899527, 0.8218759962274146, 0.8029797116743532, 0.7819547008020381, 0.7585330698694216, 0.732433812056193, 0.7033829531200602, 0.6711479795456522, 0.6355897805975396, 0.5967312821800994, 0.5548334589236357, 0.5104573910770015, 0.46448128957790463, 0.4180443874701593, 0.37241284937677505, 0.3287992238839331, 0.28819314066551605, 0.2512561749096454, 0.21830131157470195, 0.18934141631718257, 0.16417279840989196, 0.1424622279616084, 0.12381853008498714, 0.10784259463684637, 0.09415754848889081, 0.08242397666887795, 0.07234528330317626, 0.06366725466973851, 0.056174632269293395, 0.04968645060363466, 0.04405114305631107, 0.03914193404269696, 0.034852744738027436, 0.031094677006493574, 0.027793056349885388, 0.024884976799895285, 0.02231727806778956, 0.020044885654555034, 0.01802945100409894, 0.016238237329635818, 0.014643205494428569, 0.01322026236473441, 0.011948641024752923, 0.01081038809221205, 0.009789938178733866, 0.00887375943558296, 0.008050057258390699, 0.007308525740594097, 0.0066401384397746215, 0.006036971615245811, 0.005492054658955962, 0.004999241699378792, 0.0045531034880927895, 0.0041488377825195325, 0.0037543545806404976, 0.00010231200222090256, 0.0003976907089797291, 0.0004988233244409973, 0.0021330402089543136, 0.0001509509719846319, 0.0013455753809833374, 1.1787074607212092e-05, 0.00020541955513554903]
kink density of the final state: N tau KinkDens 16 inf 0.0
time: calculate dynamics 78.75866198539734
time: plot 1.0175280570983887
