 10 1.0 0.21933109070207185
 10 2.0 0.13061518647738846
 10 3.0 0.08078523906019508
 10 4.0 0.05717153030907579
 10 5.0 0.045429172966198306
 10 6.0 0.03621043617948877
 10 7.0 0.026595204513253923
 10 8.0 0.01824586535144035
 10 9.0 0.01294991821252578
 10 10.0 0.010062719531542363
 10 11.0 0.007951337067609199
 10 12.0 0.0059123727113795654
 10 13.0 0.004266824491830912
 10 14.0 0.003116511615272488
 10 15.0 0.002285478480819836
 10 16.0 0.0017312545450071104
 10 17.0 0.001314826164605265
 10 18.0 0.00101598596374608
 10 19.0 0.0008264702673084212
 10 20.0 0.0005922269227817134
 10 30.0 7.165501831341015e-05
 10 40.0 2.5032866612040294e-05
 10 50.0 1.3922088989426484e-05
 10 60.0 8.770953111081337e-06
 10 70.0 6.7160536231791745e-06
 10 80.0 5.6032847778886286e-06
 10 90.0 3.5752793998700128e-06
 10 100.0 2.8785308376355623e-06
