 6 1.0 0.2102350259182003
 6 2.0 0.08336137333392696
 6 3.0 0.03001068187503414
 6 4.0 0.013949700867028347
 6 5.0 0.007738310381707081
 6 6.0 0.0041583752299179655
 6 7.0 0.002801920817638859
 6 8.0 0.0013644174349877192
 6 9.0 0.0004280059262051772
 6 10.0 0.0003243782179941923
 6 11.0 0.0004344522929908279
 6 12.0 0.000348112164376857
 6 13.0 0.0001766945109729079
 6 14.0 0.00016080083100267206
 6 15.0 0.00011700683441606685
 6 16.0 0.00013258177219360734
 6 17.0 8.687093720705086e-05
 6 18.0 0.00010955791145511595
 6 19.0 6.854943268697067e-05
 6 20.0 8.913908819968563e-05
 6 30.0 3.661346302108459e-05
 6 40.0 1.8516796602363605e-05
 6 50.0 1.1244143943822671e-05
 6 60.0 1.1362181392804427e-05
 6 70.0 6.466776647229278e-06
 6 80.0 4.5270462076807405e-06
 6 90.0 3.65554004566615e-06
 6 100.0 3.484021227073697e-06
