 4 1.0 0.16599100425066493
 4 2.0 0.03505935438220825
 4 3.0 0.00885247484139684
 4 4.0 0.0008904166530644408
 4 5.0 0.0006576806961514636
 4 6.0 0.0012718221109633276
 4 7.0 0.0006188643974512908
 4 8.0 0.0005605660539711455
 4 9.0 0.0004435860856009666
 4 10.0 0.0002203544754769693
 4 11.0 0.0003346303547691609
 4 12.0 0.0001764222386476666
 4 13.0 0.00021231740767252427
 4 14.0 0.0001893227144583176
 4 15.0 0.00010664150020817109
 4 16.0 0.00015946546823381036
 4 17.0 8.275444679894939e-05
 4 18.0 0.00011416587707330228
 4 19.0 0.00010012672118075994
 4 20.0 6.418291048759794e-05
 4 30.0 3.251539364773626e-05
 4 40.0 2.029544095905056e-05
 4 50.0 1.3950867958911761e-05
 4 60.0 1.01930465162825e-05
 4 70.0 7.835041606618631e-06
 4 80.0 6.2692035765476994e-06
 4 90.0 5.1185908001016855e-06
 4 100.0 4.161808497271657e-06
