 18 1.0 0.21972202368025145
 18 2.0 0.13322611300259052
 18 3.0 0.0959036415712134
 18 4.0 0.07995028370304397
 18 5.0 0.07159672458166083
 18 6.0 0.0656381496529479
 18 7.0 0.05993871218287228
 18 8.0 0.053288150906492415
 18 9.0 0.04718570193312427
 18 10.0 0.0425809348509667
 18 11.0 0.03926429356959593
 18 12.0 0.03638924053556808
 18 13.0 0.033177580275544793
 18 14.0 0.02975275498559049
 18 15.0 0.02661162862184363
 18 16.0 0.02414056634943529
 18 17.0 0.02225872499060727
 18 18.0 0.020574826228031973
 18 19.0 0.0187079274656885
 18 20.0 0.01679745271782218
 18 30.0 0.006595456466152616
 18 40.0 0.002523562614081376
 18 50.0 0.0009867890029250925
 18 60.0 0.0003849387605520116
 18 70.0 0.0001493928954088286
 18 80.0 6.459607082853758e-05
 18 90.0 2.7469279532843505e-05
 18 100.0 1.0871980176074825e-05
