 8 1.0 0.21788154406654958
 8 2.0 0.11963463867379176
 8 3.0 0.06087008110972558
 8 4.0 0.036762730769106466
 8 5.0 0.026652952881481895
 8 6.0 0.01861985222255419
 8 7.0 0.011187983106552668
 8 8.0 0.006588524860475176
 8 9.0 0.004096694988986294
 8 10.0 0.0026719763633933913
 8 11.0 0.00181579119532993
 8 12.0 0.0013035359613431385
 8 13.0 0.0009766711348916934
 8 14.0 0.0005525596817793632
 8 15.0 0.0002934955457000732
 8 16.0 0.00023036071605969655
 8 17.0 0.0002528832689588367
 8 18.0 0.00023121031728817742
 8 19.0 0.0001269191870826858
 8 20.0 8.7825028054489e-05
 8 30.0 4.081876868544665e-05
 8 40.0 1.6622650635511604e-05
 8 50.0 1.120560459705322e-05
 8 60.0 9.89362009679029e-06
 8 70.0 7.441134132868399e-06
 8 80.0 4.754586024890983e-06
 8 90.0 3.6264957051779234e-06
 8 100.0 3.226461215699583e-06
