 16 1.0 0.2197185309989717
 16 2.0 0.1332072937175356
 16 3.0 0.09576867170472464
 16 4.0 0.07885739000182052
 16 5.0 0.06976137909116686
 16 6.0 0.06323523234632294
 16 7.0 0.05660022321260105
 16 8.0 0.048921592856482954
 16 9.0 0.042174094199620094
 16 10.0 0.037200199914047716
 16 11.0 0.03374392108814778
 16 12.0 0.030563669687802164
 16 13.0 0.02715995630425322
 16 14.0 0.023591677841029002
 16 15.0 0.02052338188247954
 16 16.0 0.018224371514579285
 16 17.0 0.01654821044455812
 16 18.0 0.014925760881612349
 16 19.0 0.013179582428053283
 16 20.0 0.01144924533299152
 16 30.0 0.0035441905240228277
 16 40.0 0.0010664060329174108
 16 50.0 0.0003359094873320867
 16 60.0 0.00010875192914922005
 16 70.0 3.158428545807501e-05
 16 80.0 1.184001720760941e-05
 16 90.0 7.963344104633396e-06
 16 100.0 4.644506932494075e-06
