 12 1.0 0.21963614325623326
 12 2.0 0.13271839500281452
 12 3.0 0.09169350156538736
 12 4.0 0.0692914403727069
 12 5.0 0.05822950012133826
 12 6.0 0.05005365467360068
 12 7.0 0.04061887854062157
 12 8.0 0.03141657826444866
 12 9.0 0.02439623686050546
 12 10.0 0.01994040435689609
 12 11.0 0.017005034945660358
 12 12.0 0.01412490961530738
 12 13.0 0.011211563228835486
 12 14.0 0.008732207488713228
 12 15.0 0.006991604497077919
 12 16.0 0.0058490807667676
 12 17.0 0.004871583258850121
 12 18.0 0.003961314373500224
 12 19.0 0.003147548819454671
 12 20.0 0.0025218223173452126
 12 30.0 0.00035365053211339204
 12 40.0 5.535194924027875e-05
 12 50.0 1.4692281922079609e-05
 12 60.0 9.032012326937178e-06
 12 70.0 7.218403193953726e-06
 12 80.0 5.303602506556704e-06
 12 90.0 4.245320315843237e-06
 12 100.0 3.5490190727349713e-06
