 14 1.0 0.21970334074972325
 14 2.0 0.13312222791327893
 14 3.0 0.09507277001983677
 14 4.0 0.07552411016711558
 14 5.0 0.06588675531865068
 14 6.0 0.05886525136633686
 14 7.0 0.05060222214794252
 14 8.0 0.04188704398976861
 14 9.0 0.03459404687481854
 14 10.0 0.029615604859605738
 14 11.0 0.026094732045433
 14 12.0 0.022985243158471835
 14 13.0 0.019534170218638236
 14 14.0 0.01623481513581676
 14 15.0 0.013579195450562798
 14 16.0 0.011770671005795097
 14 17.0 0.010387868806931266
 14 18.0 0.009025684499622821
 14 19.0 0.007598508552490335
 14 20.0 0.006330106620027809
 14 30.0 0.0013882136762818909
 14 40.0 0.00028778811238655555
 14 50.0 6.936489035991311e-05
 14 60.0 2.5888388898276382e-05
 14 70.0 1.0072650841075337e-05
 14 80.0 5.287209845161733e-06
 14 90.0 4.146584590636326e-06
 14 100.0 2.808176398749751e-06
