 20 1.0 0.21972283649575414
 20 2.0 0.13323038491202177
 20 3.0 0.09593181389914457
 20 4.0 0.08019069579894111
 20 5.0 0.07259557036105052
 20 6.0 0.0668437183029364
 20 7.0 0.06118312348778804
 20 8.0 0.0555834284306958
 20 9.0 0.05021480480091989
 20 10.0 0.04601145636397719
 20 11.0 0.04300170281345045
 20 12.0 0.04041407941717151
 20 13.0 0.03756212086424193
 20 14.0 0.03442005198331466
 20 15.0 0.03140116841120766
 20 16.0 0.028972412963399974
 20 17.0 0.02706576226144075
 20 18.0 0.025381350700002192
 20 19.0 0.02358140120612895
 20 20.0 0.021628690741159418
 20 30.0 0.010089061326249815
 20 40.0 0.004603757696717781
 20 50.0 0.002147862026730951
 20 60.0 0.001003879325531254
 20 70.0 0.00046651380931506115
 20 80.0 0.00022179255033971668
 20 90.0 0.00010123385833071818
 20 100.0 4.7320996209965216e-05
