Lx= 4
Ly= 4
N= 16
field_i= 0.0
field_f= 8.0067194
J= 1.0
tau= 2.0
dt= 0.01
Nbond= 32
site1 [0, 0, 1, 1, 2, 2, 3, 3, 4, 4, 5, 5, 6, 6, 7, 7, 8, 8, 9, 9, 10, 10, 11, 11, 12, 12, 13, 13, 14, 14, 15, 15]
site2 [1, 4, 2, 5, 3, 6, 0, 7, 5, 8, 6, 9, 7, 10, 4, 11, 9, 12, 10, 13, 11, 14, 8, 15, 13, 0, 14, 1, 15, 2, 12, 3]
Jzz [1.0, 1.0, 1.0, 1.0, 1.0, 1.0, 1.0, 1.0, 1.0, 1.0, 1.0, 1.0, 1.0, 1.0, 1.0, 1.0, 1.0, 1.0, 1.0, 1.0, 1.0, 1.0, 1.0, 1.0, 1.0, 1.0, 1.0, 1.0, 1.0, 1.0, 1.0, 1.0]
Jx [1. 1. 1. 1. 1. 1. 1. 1. 1. 1. 1. 1. 1. 1. 1. 1.]
time: prepare interaction 0.0014317035675048828
time: prepare Hamiltonian 2.3269083499908447
energy(t=0) -15.999999999999998 -14.000000000000016
time: prepare intial state 0.07042336463928223
ene0 [-16.0, -15.795402372963924, -15.18810950613941, -14.19719397209054, -12.853089808386544, -11.195794362979973, -9.272757721114925, -7.136748787487283, -4.843938480871434, -2.4523450302177268, -0.020670199428994725, 2.3925528864528967, 4.72965540133318, 6.9345551439021165, 8.953665248756728, 10.737081482470913, 12.240045696847114, 13.424584177570999, 14.261140627305604, 14.72998405426711, 14.822182237026702, 14.539989639333418, 13.896590396308534, 12.915239618964302, 11.627935067933132, 10.07380639343672, 8.297420770768195, 6.347173779161394, 4.273874650617235, 2.129563107468099, -0.033470965275957124, -2.1635394743299226, -4.210371738501526, -6.1259746448345025, -7.865584107722522, -9.38870787556904, -10.660212631302542, -11.651372275520515, -12.340777370863146, -12.715011058355728, -12.769021926710998, -12.506162327273293, -11.937901972349264, -11.083261955073336, -9.968036732735941, -8.623878252421253, -7.087308566807105, -5.398709502649685, -3.6013162990294787, -1.7402225649407976, 0.1386091715394673, 1.98934150251197, 3.7672670188981616, 5.429820160257732, 6.93757921980016, 8.255229528210702, 9.35245048430134, 10.204686354268764, 10.793763960527903, 11.108328525552183, 11.144080133670187, 10.903805335391274, 10.397209417294643, 9.640563503671478, 8.656186413704463, 7.471784211538596, 6.119671250991096, 4.635896031217336, 3.0592941386820964, 1.4304896012691242, -0.20913445597163569, -1.8184747188771408, -3.357734170993937, -4.7894129980358935, -6.07923966475124, -7.197017399946539, -8.117361813381875, -8.820307194740252, -9.291762368147973, -9.523801740173937, -9.514783104654338, -9.269290376432371, -8.79790611271704, -8.11682481915312, -7.247323103248782, -6.215106414809138, -5.049554351767073, -3.7828875157525683, -2.4492790572870695, -1.0839337943846188, 0.2778425116856574, 1.6015612851991323, 2.8544342385423893, 4.006199105174285, 5.0298661790709, 5.9023651705854165, 6.6050743306303366, 7.124217445446245, 7.4511190087940635, 7.582313237021738, 7.519508043701863, 7.269410054141711, 6.843420772471133, 6.257216922958319, 5.5302298628991435, 4.685040116508601, 3.746703905779132, 2.7420293936781635, 1.6988213735283013, 0.6451142852020268, -0.3915855271130804, -1.3850268322436947, -2.3108885819531184, -3.1473831784728126, -3.8757706725525676, -4.48077033765391, -4.9508605933126635, -5.278463111226219, -5.460011571795212, -5.495909438941151, -5.390383964300337, -5.151245371388383, -4.789561045143227, -4.319255003018497, -3.7566434376117144, -3.119918060313418, -2.4285904559647644, -1.7029125164251115, -0.9632898750367932, -0.22970663471981362, 0.4788198785776609, 1.1447364098428707, 1.752387342065601, 2.28837212662321, 2.741818370026038, 3.1045668595187492, 3.3712689722996547, 3.539400226245505, 3.6091959069837736, 3.5835157714285852, 3.467645096098735, 3.2690393022012207, 2.9970195562644366, 2.662427474691742, 2.277248448065992, 1.854214940861968, 1.4064029678245944, 0.9468362502931478, 0.4881128303084613, 0.042067885313713145, -0.3805158743138508, -0.7701422849321845, -1.1187764161985092, -1.4199600980700717, -1.6688720262783114, -1.8623385505356618, -1.9988021842127814, -2.078254435270193, -2.1021381551785683, -2.0732228740480725, -1.9954552125055374, -1.8737859660568175, -1.7139761147764383, -1.5223857765169573, -1.3057526403823696, -1.070969068969385, -0.8248690630836261, -0.5740368744656172, -0.324647693751428, -0.08234742970260078, 0.14782641605458055, 0.36148640216285544, 0.5549078757782884, 0.7250242454932563, 0.8694163414979993, 0.9863045759740146, 1.074547719206214, 1.1336466213053702, 1.1637467544523594, 1.1656312266738038, 1.1406963450848602, 1.090904496195939, 1.0187131397051101, 0.9269830156803315, 0.8188723490990679, 0.6977262884038328, 0.5669716473444893, 0.430025977609536, 0.29022699614699576, 0.15078370178100864, 0.014745016472823856, -0.11502301124617338, -0.2358627113838278, -0.34536275810144723, -0.44141290314546977, -0.5222719396108935, -0.5866379045785582, -0.6337054447474021, -0.6631963779328294, -0.6753555232943578, -0.6709125101896304]
ene [-32.00000000000001, -31.999999999998064, -32.000000000000014, -31.999999999999012, -32.00000000000088, -31.999999999999986, -31.99999999999985, -31.999999999999986, -31.99999999999976, -31.999999999999886, -31.999999999999588, -31.999999999999762, -31.999999999999986, -31.999999999999808, -31.99999999999988, -31.999999999999822, -31.999999999999844, -31.999999999999837, -31.99999999999986, -31.99999999999985, -31.999999999999833, -31.999999999999833, -31.999999999999805, -31.999999999999787, -31.99999999999976, -31.999999999999805, -31.999999999999865, -31.99999999999981, -31.999999999999766, -31.999999999999993, -31.999999999999872, -31.999999999999616, -31.999999999999716, -31.999999999999915, -31.99999999999973, -31.999999999999776, -32.000000000000014, -31.99999999999933, -31.999999999998586, -31.999999999998074, -31.999999999999467, -31.999999999999474, -32.00000000000205, -31.999999999999428, -31.999999999999496, -31.99999999999915, -32.00000000000031, -31.999999999999552, -31.999999999999748, -31.999999999999226, -31.999999999999737, -31.999999999999922, -31.999999999999645, -31.99999999999976, -31.999999999999826, -31.999999999999883, -31.999999999999687, -31.99999999999968, -31.999999999999616, -31.99999999999959, -31.999999999999712, -31.999999999999716, -31.999999999999694, -31.999999999999677, -31.99999999999968, -31.999999999999694, -31.999999999999684, -31.999999999999623, -31.999999999999517, -31.999999999999478, -31.99999999999976, -31.99999999999995, -31.99999999999985, -31.99999999999946, -31.999999999999506, -31.999999999999833, -32.00000000000006, -31.999999999999613, -31.999999999999027, -32.00000000000006, -31.999999999999353, -31.99999999999969, -31.999999999999936, -31.999999999999524, -31.999999999998835, -31.99999999999953, -32.00000000000067, -31.99999999999914, -31.999999999999336, -31.999999999998778, -31.99999999999961, -32.000000000000405, -31.999999999999588, -31.99999999999965, -31.999999999999584, -31.999999999999638, -31.999999999999403, -31.999999999999496, -31.999999999999446, -31.999999999999417, -31.99999999999943, -31.999999999999556, -31.999999999999346, -31.999999999999453, -31.999999999999424, -31.999999999999403, -31.99999999999936, -31.99999999999922, -31.99999999999919, -31.999999999999456, -31.999999999999392, -31.99999999999964, -31.999999999999453, -32.00000000000012, -31.999999999999375, -31.999999999999517, -31.999999999998963, -31.999999999998845, -31.999999999999993, -31.999999999999538, -31.999999999999346, -31.999999999999904, -31.99999999999921, -31.99999999999896, -31.999999999999673, -31.999999999999424, -31.999999999999858, -31.999999999998757, -31.999999999999687, -31.999999999998842, -31.999999999999126, -31.999999999999112, -31.99999999999941, -31.99999999999926, -31.99999999999943, -31.999999999999353, -31.999999999999474, -31.999999999999126, -31.999999999999346, -31.999999999999204, -31.999999999999407, -31.99999999999923, -31.999999999999257, -31.999999999999364, -31.999999999999282, -31.999999999999154, -31.999999999999503, -31.999999999999133, -31.999999999999208, -31.999999999999158, -31.999999999999535, -31.999999999999304, -31.999999999999474, -31.999999999999403, -31.99999999999929, -31.999999999999382, -31.999999999999478, -31.999999999999144, -31.999999999998984, -31.99999999999917, -31.999999999999176, -31.999999999998828, -31.999999999999023, -31.99999999999916, -31.999999999999893, -31.999999999999343, -31.99999999999935, -31.999999999998842, -31.999999999998995, -31.999999999999524, -31.99999999999874, -31.999999999998845, -31.99999999999942, -31.99999999999983, -31.999999999998913, -31.999999999999254, -31.999999999999137, -31.999999999999233, -31.999999999999055, -31.999999999999186, -31.99999999999915, -31.99999999999926, -31.99999999999903, -31.99999999999906, -31.999999999999105, -31.99999999999935, -31.999999999998998, -31.999999999998884, -31.999999999999112, -31.999999999999215, -31.999999999999133, -31.99999999999938, -31.999999999998856, -31.999999999998835, -31.999999999999154, -31.999999999999062, -31.999999999998813, -31.999999999999083, -31.99999999999881, -31.99999999999865, -31.999999999999254]
mz0mz1 [1.0, 0.9745888851717902, 0.9010930121994786, 0.7873927763769129, 0.6455667637395165, 0.4904764756940721, 0.33808213861441494, 0.20370998657145908, 0.1004723457442479, 0.0379971426490147, 0.021568715668198006, 0.051730057837726245, 0.12435452565410098, 0.2311624322570522, 0.36063016890504374, 0.4992113912818603, 0.6327593889221069, 0.7480103101176894, 0.8339664847781415, 0.8830174540116104, 0.8916605562429429, 0.8607334579161974, 0.7951400628074419, 0.703124592186456, 0.5952102647228851, 0.48295642092554064, 0.37769601067907393, 0.2893971445562791, 0.22575685872561355, 0.19159324615895945, 0.18856264679158902, 0.21519652013305482, 0.267228553910273, 0.33816440969428646, 0.42003173592134624, 0.5042355724632812, 0.5824351083085166, 0.6473546977183581, 0.6934480623242131, 0.7173511681625514, 0.718085155535963, 0.6970019726885193, 0.657496434663411, 0.6045338141890804, 0.5440580376267696, 0.48235098851575314, 0.42540964862446257, 0.3783976448889507, 0.3452142695151426, 0.32820952687515703, 0.3280594809154303, 0.3438025244244256, 0.37302425833664343, 0.4121667708627208, 0.45692802325210463, 0.5027099031096707, 0.545070373948822, 0.5801366259798859, 0.60494205686559, 0.6176593696116647, 0.6177136649203195, 0.6057716165398176, 0.5836143640488176, 0.5539117368117508, 0.519923290597466, 0.48515706537536896, 0.45301971025161536, 0.426491459493059, 0.40785628127174484, 0.3985114956934168, 0.39887275114296084, 0.4083802928215443, 0.42560204463656326, 0.4484193236569595, 0.47427306960348736, 0.5004430927067683, 0.5243304786911416, 0.5437140579680789, 0.5569555651405299, 0.5631343479650772, 0.5621005765053653, 0.5544450087340181, 0.5413925007374603, 0.5246345637860471, 0.5061223991544151, 0.4878452517777877, 0.47161925623912393, 0.458909288228707, 0.4507011859317216, 0.4474348794098251, 0.4490014170289852, 0.4547995466653815, 0.4638412030992924, 0.47489058018169916, 0.48661881155361786, 0.4977558027608071, 0.5072223806751317, 0.514229368266168, 0.5183349798465966, 0.5194574478650942, 0.5178453466525869, 0.5140129873152478, 0.5086519290753589, 0.502531665303542, 0.49640271152467036, 0.49091372924742793, 0.48655130119196305, 0.48360706589913666, 0.4821727610572264, 0.48215994627819286, 0.48333830056318544, 0.485384756433476, 0.4879354529019977, 0.49063343862864983, 0.49316690785056516, 0.495295051712528, 0.4968608835543894, 0.4977922652168656, 0.49809360452361967, 0.49783127637196445, 0.49711584616588594, 0.4960838122614619, 0.4948809895319749, 0.493648935603309, 0.49251504316029127, 0.49158615811276246, 0.49094494400203437, 0.49064783758591857, 0.49072344733406414, 0.49117066634003775, 0.49195650655085726, 0.49301449484117366, 0.49424512044328306, 0.4955200223665257, 0.49669119649037513, 0.4976055036313353, 0.4981233893427125, 0.49813935314989766, 0.4976007425922039, 0.4965212171701383, 0.49498584687282343, 0.4931461487707645, 0.4912050862104239, 0.48939373432200783, 0.48794259542133167, 0.4870512577177656, 0.48686026882699196, 0.48742889831287806, 0.4887220166053564, 0.49060860935889533, 0.4928733410092375, 0.4952409559059211, 0.4974112268241114, 0.49909998541401956, 0.5000800815379349, 0.5002155135828046, 0.4994827868144023, 0.4979756959846676, 0.4958926818017039, 0.49350895295073227, 0.4911380184026154, 0.48908870266171317, 0.4876239838667955, 0.4869272194571902, 0.4870797965553417, 0.48805235105932493, 0.48970984431911935, 0.49182928251943847, 0.4941278225671313, 0.49629829866425884, 0.49804855844162993, 0.4991402444109239, 0.4994219402582497, 0.4988514121474759, 0.49750259776124117, 0.49555529370985274, 0.4932687941023725, 0.49094407309758925, 0.4888813443956832, 0.4873402354173886, 0.4865084175600982, 0.4864820726783184, 0.487259045497598, 0.4887436702887496, 0.4907612767988322, 0.49308004249337534, 0.49543779341278543, 0.4975713116546058, 0.4992456112912181, 0.5002805164809095, 0.5005717560629895, 0.5001037784636067, 0.4989518270639883, 0.4972718268211044, 0.49527849729741036, 0.4932145706104953, 0.4913162933124524, 0.4897815542494865, 0.48874635831296476, 0.48827307501959816, 0.4883508230256094]
mx0mx1 [2.1520072527188413e-17, 2.5207922910757682e-05, 0.0003831041423419624, 0.0017794992604410309, 0.004981756294178175, 0.01039178369079853, 0.017736369738665565, 0.02600570565453175, 0.03366683580366199, 0.03906844700067584, 0.04088246948826978, 0.03842229202659416, 0.03173472009205974, 0.021456365254829732, 0.008516035329976003, -0.006182688600249388, -0.02196920745014649, -0.038432237489181176, -0.05527795656918053, -0.07210866949892128, -0.08824435674340966, -0.1026877172484919, -0.11426738747133837, -0.12191453206755112, -0.12497027963299892, -0.1234090875338235, -0.11789800347411689, -0.10967541820961559, -0.10029673509073989, -0.09133340362156238, -0.08411438632833976, -0.07956977244220077, -0.07819100604903745, -0.08008070448937825, -0.085042452928629, -0.09266281424981802, -0.10235916969103258, -0.1133956992628514, -0.12489203820488268, -0.135855455339836, -0.14525636511276346, -0.15214515685463245, -0.15578659963558325, -0.15577637273179684, -0.15210712399405876, -0.1451666109187102, -0.1356707305351492, -0.12455128269135005, -0.1128264268360253, -0.10147980357409786, -0.0913651733332504, -0.08314225395041147, -0.07724088272082494, -0.07384710026776331, -0.07290588137853299, -0.07413861750444203, -0.07707615812353075, -0.0811082845068219, -0.0855477455922157, -0.08970288883782952, -0.09294962396286585, -0.09479265033216056, -0.09490798254935477, -0.09316291382953783, -0.08961401392235081, -0.08448704562346389, -0.07814407085215885, -0.07104273214401226, -0.06369159971663792, -0.056604497841911613, -0.05025638683604044, -0.045043616899571565, -0.0412517054014319, -0.03903366769270149, -0.038401059711358626, -0.03922838105472335, -0.04126977668023461, -0.04418558463643603, -0.04757554942938543, -0.05101547337834662, -0.05409443660449258, -0.05645009868925382, -0.05779974497652181, -0.05796467219042223, -0.056885485780011236, -0.05462624769207948, -0.05136636990304749, -0.047380620829646856, -0.04300926858835924, -0.03862179899063463, -0.03457848199936089, -0.0311941917429055, -0.028708388540558703, -0.02726423289393478, -0.026898615387846995, -0.027543607086134105, -0.029038586638760785, -0.031151205733524402, -0.03360453738561987, -0.036107303450689354, -0.03838401753814387, -0.04020214179637167, -0.041393823831947965, -0.04187034384897406, -0.0416280093901456, -0.04074490160537301, -0.03936865809619245, -0.037696416056394476, -0.03594910865744241, -0.03434336093959544, -0.0330649877946858, -0.0322482011457242, -0.031963812984995635, -0.032217979204952556, -0.03296075725457442, -0.03410164198058166, -0.03552801588907727, -0.037122510172927344, -0.03877651641301519, -0.04039893662009042, -0.04192091429605206, -0.04329809305779141, -0.044511684391338104, -0.045568621112906695, -0.04650003424663264, -0.04735691560004434, -0.04820241245932611, -0.0491014832890303, -0.05010997261851041, -0.05126585421953156, -0.052585046816990416, -0.054062868950002695, -0.05568033342704556, -0.057412815911769326, -0.05923788351533353, -0.061139611378658185, -0.06310835562785314, -0.06513698293199478, -0.06721608372810134, -0.06933104151396766, -0.07146282221535273, -0.07359239321738548, -0.07570664837363185, -0.07780261939205678, -0.07988728989575744, -0.08197241852083612, -0.08406645706516905, -0.08616748473003742, -0.08826095111648366, -0.09032381132638073, -0.09233337820733899, -0.09427659067572161, -0.09615484755554325, -0.09798148935902452, -0.09977252144930066, -0.10153449761134378, -0.10325495860471313, -0.10489977947239312, -0.10641883602324995, -0.10775798250916778, -0.1088728631258642, -0.109739381627569, -0.11035683101131813, -0.11074231797678499, -0.11091843049997975, -0.1108990204536623, -0.1106792795683918, -0.11023503803356773, -0.10953242369106624, -0.10854407099405057, -0.10726437899989122, -0.1057161316899074, -0.10394471084336288, -0.1020023806750709, -0.09993031659590194, -0.0977471580826032, -0.09544917713437326, -0.09302083034834074, -0.09044920235145017, -0.0877345371121648, -0.08489202425094854, -0.08194507335156431, -0.07891442692300285, -0.07580872063649281, -0.0726206163978362, -0.06932991450948994, -0.0659125802498888, -0.062352952305336516, -0.05865537843096817, -0.054851133188631655, -0.05099726815586848, -0.04716658361502215, -0.043431721682050735, -0.039849619760204014, -0.03645299663548479, -0.033252281142156205, -0.030245940801862787, -0.027432743521962042, -0.024818905624131176, -0.022416745366465173, -0.020237007015944084]
mx [1.8472598936931259e-16, 0.006347447327357667, 0.024705995766640333, 0.05310719984094001, 0.08853394718952856, 0.1272739804784268, 0.16534059164995515, 0.1989054377073663, 0.22469318813789008, 0.24029888129986868, 0.24440254127846664, 0.23686853373736672, 0.21872765376188819, 0.1920480859471472, 0.1597083147674571, 0.12509208421070325, 0.09173310384222766, 0.06294455376625453, 0.041473544138902474, 0.029221092970582986, 0.027062130779068338, 0.034787416699977605, 0.05117200365296984, 0.07415656599968717, 0.10111250689692128, 0.12915241642524727, 0.15544543482338663, 0.17750162580787257, 0.1933983452134914, 0.2019320806574139, 0.20268909466426593, 0.19603621424947934, 0.1830391223875598, 0.16532004114087281, 0.1448703857609025, 0.12383709301382523, 0.10430361570844517, 0.08808733881235448, 0.07657366828059621, 0.07060290681285296, 0.07041956396373751, 0.0756859363178133, 0.08555403236351046, 0.09878357565794474, 0.11388983167643407, 0.12930364750492637, 0.1435270358982543, 0.15527017347729893, 0.1635590552817031, 0.16780667326117035, 0.16784415327070165, 0.16391169536316408, 0.15661239275185496, 0.14683497691633224, 0.1356540549548624, 0.12421819025912789, 0.11363695998917352, 0.10487775405744948, 0.09868160064018283, 0.09550494060983918, 0.09549137817410489, 0.0984743847674175, 0.10400904918715467, 0.111428474235837, 0.11991845484244766, 0.12860271701906306, 0.1366303132212611, 0.14325681015046624, 0.14791169495167766, 0.15024593076324652, 0.15015569269407203, 0.14778080200448962, 0.1434789772608832, 0.1377794446856793, 0.13132143244498057, 0.12478441727162848, 0.11881758246925944, 0.11397575442244622, 0.11066815576412761, 0.10912475639771073, 0.10938298237218806, 0.11129526813840045, 0.11455565665571786, 0.11874162499411159, 0.1233657822067716, 0.12793123441348653, 0.1319843290026853, 0.1351591543900634, 0.13720945786317265, 0.13802534920610451, 0.13763404346878852, 0.13618572753645064, 0.13392721041296785, 0.1311671843572513, 0.12823758715620087, 0.12545567595117169, 0.12309101760824727, 0.12134074081172878, 0.12031519929457939, 0.12003481778938994, 0.12043750486557546, 0.12139479065164602, 0.12273393043463535, 0.12426271231546862, 0.12579366487485802, 0.12716475882807932, 0.12825445058259793, 0.1289898916904317, 0.1293481669765383, 0.12935136798269647, 0.1290570266360989, 0.12854584202526473, 0.1279087030570821, 0.1272347726763951, 0.126601936905501, 0.12607034743529524, 0.12567921799422052, 0.12544656798716086, 0.1253712963829853, 0.12543682338312542, 0.12561553083378696, 0.12587332278399033, 0.12617377610810465, 0.12648153109915777, 0.12676476631357408, 0.1269967926907038, 0.12715696168844148, 0.1272311759580464, 0.12721228938431978, 0.12710057846162162, 0.12690428328214412, 0.12664000818083196, 0.12633260997174273, 0.126014151971768, 0.12572160415902647, 0.12549321920002274, 0.12536385642720813, 0.12535986882469716, 0.12549440846091636, 0.12576406332656853, 0.12614758377248952, 0.126607122320088, 0.1270919807154855, 0.12754443865685272, 0.12790691892578246, 0.128129566344539, 0.12817727349680527, 0.1280352354266578, 0.12771222715625916, 0.12724097478452492, 0.12667526702403042, 0.12608386003737262, 0.12554174764158116, 0.12511991230414793, 0.1248750939022657, 0.12484126430537178, 0.12502429226770936, 0.12540074877990673, 0.12592106529879452, 0.12651649739323853, 0.1271087335962737, 0.12762063257474646, 0.12798650496810948, 0.12816054988583497, 0.12812243762273978, 0.12787950304356976, 0.1274654774790419, 0.12693606259775833, 0.12636190983109805, 0.125819746183616, 0.1253825484525766, 0.1251098560014565, 0.12503949114083324, 0.12518200346886418, 0.12551892407737644, 0.12600534153603893, 0.12657648671879257, 0.12715717923182862, 0.1276724286364492, 0.12805738254860896, 0.12826516249336112, 0.12827174318651552, 0.12807766299450257, 0.12770681827846295, 0.1272028399549354, 0.12662363502000423, 0.1260346919581521, 0.12550176002055602, 0.12508353638788833, 0.12482502721878136, 0.12475227842679029, 0.12486917464258074, 0.12515692080728733, 0.12557656839550546, 0.1260744825658721, 0.126590031215398, 0.12706420227178677, 0.12744756504155283, 0.12770614683636794, 0.127824368362494, 0.12780494767291634]
mz [1.0, 0.9872126483102452, 0.9492568441337131, 0.8873246232556588, 0.803318113024159, 0.6997371476862483, 0.5795473575696828, 0.4460467992179552, 0.3027461550544646, 0.15327156438860792, 0.0012918874643121703, -0.14953455540330604, -0.29560346258332376, -0.4334096964938823, -0.5596040780472955, -0.671067592654432, -0.7650028560529446, -0.8390365110981874, -0.8913212892066003, -0.9206240033916944, -0.9263863898141689, -0.9087493524583387, -0.8685368997692834, -0.8072024761852689, -0.7267459417458207, -0.629612899589795, -0.5185887981730122, -0.3966983611975871, -0.2671171656635772, -0.13309769421675618, 0.0020919353297473202, 0.13522121714562016, 0.2631482336563454, 0.3828734153021564, 0.4915990067326576, 0.586794242223065, 0.6662632894564089, 0.7282107672200322, 0.7712985856789466, 0.794688191147233, 0.7980638704194374, 0.7816351454545808, 0.746118873271829, 0.6927038721920835, 0.6230022957959963, 0.5389923907763283, 0.4429567854254441, 0.3374193439156053, 0.22508226868934242, 0.10876391030879985, -0.008663073221216707, -0.12433384390699813, -0.2354541886811351, -0.33936376001610824, -0.43359870123751, -0.5159518455131689, -0.5845281552688337, -0.6377928971417978, -0.6746102475329939, -0.6942705328470115, -0.6965050083543867, -0.6814878334619546, -0.6498255885809152, -0.6025352189794674, -0.5410116508565289, -0.46698651322116225, -0.3824794531869435, -0.2897435019510835, -0.19120588366763103, -0.08940560007932026, 0.01307090349822723, 0.1136546699298213, 0.20985838568712106, 0.29933831237724334, 0.3799524790469525, 0.4498135874966587, 0.5073351133363672, 0.5512691996712658, 0.5807351480092483, 0.5952376087608711, 0.5946739440408961, 0.5793306485270232, 0.549869132044815, 0.50730155119707, 0.45295769395304886, 0.3884441509255711, 0.31559714698544206, 0.23643046973453552, 0.15307994108044184, 0.06774586214903867, -0.017365156980353586, -0.10009758032494577, -0.17840213990889933, -0.2503874440733928, -0.3143666361919312, -0.36889782316158853, -0.41281714566439603, -0.4452635903403903, -0.46569493804962897, -0.47389457731385864, -0.4699692527313664, -0.45433812838385695, -0.42771379827944583, -0.39107605768489495, -0.34563936643119647, -0.29281500728178755, -0.23416899411119574, -0.17137683710488522, -0.10617633584551883, -0.04031964282512668, 0.024474095444567526, 0.08656417701523092, 0.1444305363720699, 0.19671144865455079, 0.24223566703453547, 0.28004814610336937, 0.30942878708204147, 0.3299039444516387, 0.34125072323720074, 0.34349433993382195, 0.3368989977687711, 0.3219528357117739, 0.2993475653214517, 0.26995343768865604, 0.23479021485073215, 0.19499487876958863, 0.15178690349779778, 0.10643203227656947, 0.060205617189799575, 0.014356664669988351, -0.029926242411103806, -0.07154602561517942, -0.10952420887910007, -0.14302325791395062, -0.17136364812662738, -0.19403542871992183, -0.21070431076872842, -0.22121251414034407, -0.22557474418648585, -0.22396973571428658, -0.21672781850617093, -0.2043149563875763, -0.1873137222665273, -0.16640171716823388, -0.1423280280041245, -0.115888433803873, -0.08790018548903715, -0.059177265643321736, -0.030507051894278832, -0.0026292428321070716, 0.023782242144615676, 0.04813389280826153, 0.06992352601240683, 0.08874750612937948, 0.10430450164239446, 0.11639615940847886, 0.12492513651329884, 0.12989090220438707, 0.13138363469866052, 0.12957642962800453, 0.12471595078159609, 0.11711162287855109, 0.1071235071735274, 0.09514911103230983, 0.0816095400238981, 0.06693556681058656, 0.05155431644272663, 0.03587730465410108, 0.02029048085946425, 0.005146714356412549, -0.009239151003411284, -0.022592900135178465, -0.03468174223614302, -0.04531401534332852, -0.054338521343624956, -0.06164403599837591, -0.06715923245038838, -0.07085291383158564, -0.07273417215327246, -0.07285195166711274, -0.07129352156780376, -0.0681815310122462, -0.06366957123156938, -0.05793643848002072, -0.051179521818691745, -0.04360789302523955, -0.035435727959030584, -0.026876623600596, -0.018139187259187235, -0.00942398136131304, -0.000921563529551491, 0.007188938202885836, 0.014741419461489238, 0.021585172381340452, 0.02758830644659186, 0.03264199622568084, 0.03666486903615989, 0.03960659029671263, 0.041449773620801836, 0.04220972020589736, 0.0419320318868519]
mx_stag [-8.585068473199618e-17, -1.4094628242311632e-17, -1.025655255171294e-16, -1.7293024651143465e-16, -1.1817803680092233e-16, -2.285498179599432e-16, -2.0946785972419993e-16, -2.3809079707781668e-16, -2.602085213965213e-16, -2.9143354396410364e-16, -2.307182223049153e-16, -2.862293735361734e-16, -2.732189474663479e-16, -2.2377932840100846e-16, -2.393918396847994e-16, -2.2638141361497347e-16, -2.1553939189011863e-16, -2.2930875948068453e-16, -2.4595126282833727e-16, -2.14997290803876e-16, -1.953732314818882e-16, -1.7076184216646722e-16, -1.2300273646848065e-16, -1.3097162243624906e-16, -6.418476861114189e-17, -2.255140518769854e-17, -4.597017211338554e-17, 2.602085213965221e-17, 1.9949319973733282e-17, 8.239936510889903e-17, 1.0234868508263216e-16, -2.602085213965204e-17, 1.496198998030004e-16, 1.9125326322644397e-16, 2.2356248796651225e-16, 1.4821043697876952e-16, 1.7867651802561204e-16, 2.040468488617723e-16, 2.6747267595216433e-16, 2.597748405275276e-16, 3.0411870938217867e-16, 3.084555180721301e-16, 1.7694179454963824e-16, 2.576064361825569e-16, 2.6747267595217513e-16, 3.407105327035708e-16, 2.4372864837474406e-16, 2.912167035296063e-16, 3.024924061234554e-16, 2.823262457152247e-16, 2.723515857283581e-16, 2.64328489651967e-16, 2.784231178942777e-16, 2.8709673527416236e-16, 2.522396354287534e-16, 2.6216008530699596e-16, 2.7994100093575843e-16, 2.4654757402320435e-16, 2.428070765281297e-16, 2.3399793387668434e-16, 2.0713682505335648e-16, 1.9938477952008503e-16, 1.9518349610170368e-16, 1.8886801844697541e-16, 1.8220017508618978e-16, 1.9081958235744954e-16, 1.9667427408887137e-16, 1.7173762412170425e-16, 1.713039432527099e-16, 1.1969591984239944e-16, 8.80372164058235e-17, 8.066464163292263e-17, 4.0549161250958494e-17, 5.572799166575503e-17, 1.0018028073766119e-16, 1.2511693070482857e-16, 5.941427905220612e-17, 3.0899761915837154e-17, 4.9656459499834944e-17, 3.476900841889522e-17, 2.970713952610305e-17, 9.540979117872507e-18, -1.0842021724855198e-17, 1.669671345627683e-17, 3.534499082302735e-17, -5.767955557622956e-17, -8.890457814381385e-17, -1.5135462327897501e-16, -8.023096076392772e-17, -1.621966450038303e-16, -1.42247325030099e-16, -1.209969624493837e-16, -1.5352302762394787e-16, -1.7130394325271123e-16, -1.8561541192951989e-16, -1.8236280541206355e-16, -1.6826817716975137e-16, -1.8903064877284918e-16, -2.0155318386505685e-16, -2.01742919245241e-16, -2.1236810053560003e-16, -2.146720301521316e-16, -2.2784508654783024e-16, -2.355971320811023e-16, -2.324529457808941e-16, -2.551398762401529e-16, -2.6514164128133144e-16, -2.354887118638521e-16, -2.4633073358870695e-16, -2.380907970778192e-16, -1.7607443281164705e-16, -2.47414935761196e-16, -2.2117724318704448e-16, -2.5977484052753293e-16, -1.4419888894057443e-16, -1.7303866672868804e-16, -1.9016906105395652e-16, -1.929879867024192e-16, -1.7417707900980206e-16, -1.6881027825599615e-16, -1.772128450927568e-16, -1.6599135260753223e-16, -1.7775494617900047e-16, -1.444157293750693e-16, -1.157927920214536e-16, -9.280770596475992e-17, -1.0625181290358064e-16, -1.3617579286417975e-16, -7.589415207398594e-17, -9.497611030973095e-17, -1.0299920638612381e-16, -9.801187639269094e-17, -5.030698080332793e-17, 1.8648277366750914e-17, 2.92734586571089e-17, 6.770842567172045e-17, 6.678685382510796e-17, 1.1205229452637797e-16, 1.2110538266663205e-16, 1.365552636245505e-16, 1.7065342194922074e-16, 1.7108710281821396e-16, 1.5200514458246937e-16, 1.8800065670898851e-16, 2.0556473190325393e-16, 2.5977484052752933e-16, 2.723515857283633e-16, 3.1181654480683384e-16, 2.931682674400831e-16, 3.651592916931223e-16, 4.185020385794125e-16, 3.8749385644632495e-16, 3.9356538861224477e-16, 3.8749385644632634e-16, 3.6786979712433466e-16, 4.018053251231348e-16, 4.3449402062357177e-16, 4.420292257223461e-16, 4.393187202911302e-16, 4.564491146164037e-16, 4.512449441884727e-16, 4.427881672430825e-16, 4.553649124439169e-16, 4.990582599950887e-16, 4.225135866176093e-16, 4.607859233063451e-16, 4.625206467823217e-16, 4.679416576447495e-16, 4.453902524570528e-16, 4.523291463609607e-16, 4.228388472693521e-16, 4.090694796787841e-16, 4.11129463806508e-16, 3.807718029769199e-16, 3.4174052476743455e-16, 3.255859123974013e-16, 3.2179120479370077e-16, 3.287300986976084e-16, 2.9707139526103196e-16, 2.774473359390433e-16, 2.3830763751231703e-16, 1.4354836763708308e-16, 2.4286128663675684e-16, 2.129373066761561e-16, 1.8561541192952058e-16, 1.5395670849294392e-16, 1.5959455978986827e-16, 1.637145280453124e-16, 1.3108004265349963e-16, 1.5807667674838963e-16, 1.1617226278182414e-16, 8.727827488508493e-17, 5.0957502106819466e-17, 4.4560709289154707e-17, 3.68628738645079e-17, 2.2605615296323073e-17, 0.0, 2.927345865710909e-18, 5.204170427930469e-18, -1.4636729328554473e-17, -2.515349040166415e-17]
mz_stag [9.303114161726696e-33, 1.3335686721571775e-17, -3.773023560249581e-17, 4.64038529823787e-17, 1.4051260155412416e-16, 3.2959746043559175e-17, -1.9602375278537965e-16, 5.204170427930419e-17, 2.428612866367532e-17, -2.4286128663675305e-17, -2.7755575615628907e-17, -8.500145032286362e-17, -1.3877787807814497e-17, -8.673617379884049e-17, -6.418476861114186e-17, -7.459310946700275e-17, -6.765421556309559e-17, -3.6429192995513004e-17, -2.4069288229178257e-17, -8.077306185017027e-18, 1.8539857149502154e-17, 4.781331580661082e-17, 7.979727989493324e-17, 9.454242944073607e-17, 1.786765180256112e-16, 2.3071822230491584e-16, 2.801578413702553e-16, 2.255140518769858e-16, 2.2811613709095013e-16, 2.957703526540481e-16, 2.3678975447083545e-16, 1.6479873021779623e-16, 1.1188966420050465e-16, 9.194034422677124e-17, 1.543903893619367e-16, 7.632783294298005e-17, 8.109832250191615e-17, -7.112366251504921e-17, 5.507747036226165e-17, -9.519295074422756e-17, -1.413799632921073e-16, -1.4484941024406532e-16, -2.6758109616942846e-16, -1.717376241217046e-16, -1.4745149545802927e-16, -1.7087026238371604e-16, -2.0469737016526546e-16, -1.2143064331837642e-16, -7.892991815694464e-17, -8.413408858487496e-17, -5.11743425413157e-17, 3.9031278209478314e-17, 2.25514051876985e-17, 1.0061396160665508e-16, 8.153200337091019e-17, 1.4571677198205234e-16, 1.2663481374630746e-16, 1.327063459122261e-16, 1.4181364416110455e-16, 1.4745149545802882e-16, 1.3574211199518572e-16, 1.3357370765021464e-16, 8.413408858487546e-17, 4.423544863740871e-17, 3.64291929955131e-17, -1.8214596497756548e-17, -5.637851296924648e-17, -2.5153490401663752e-17, -1.6826817716975049e-16, -7.459310946700256e-17, -2.237793284010095e-16, -2.1337098754515016e-16, -2.14238349283139e-16, -1.37043154602168e-16, -1.110223024625163e-16, -1.3704315460216924e-16, -5.290906601729304e-17, -6.93889390390729e-18, 6.938893903907067e-17, 4.857225732735158e-17, 3.122502256758277e-17, 1.5959455978986739e-16, 1.6479873021779902e-16, 1.8474805019153065e-16, 1.8561541192951787e-16, 2.1684043449710363e-17, 3.235259282696836e-16, 1.5178830414796922e-16, 2.003605614753222e-16, 2.1423834928313415e-16, 9.020562075079449e-17, 2.0903417885520767e-16, 6.071532165918842e-17, 2.6020852139652338e-18, 2.2551405187698677e-17, -5.724587470723516e-17, -9.627715291671341e-17, -1.2923689896027314e-16, -1.7520707107365887e-16, -2.151057110211249e-16, -2.0729945537923025e-16, -2.393918396848013e-16, -2.2464669013899795e-16, -2.25514051876987e-16, -2.367897544708362e-16, -1.2056328158038883e-16, -1.9428902930940338e-16, -9.45424294407362e-17, -8.586881206085206e-17, -1.9949319973733485e-17, 5.811323644522341e-17, 1.5785983631389194e-16, 8.933825901280621e-17, 2.1944251971107123e-16, 1.7520707107366035e-16, 1.700029006457286e-16, 2.038300084272738e-16, 1.916869440954366e-16, 1.9949319973733942e-16, 1.1188966420050613e-16, 7.979727989493362e-17, 1.0061396160665572e-16, 4.943961906533956e-17, -4.7704895589362226e-17, -7.37257477290154e-17, -1.821459649775662e-17, -6.852157730108466e-17, -1.3877787807814496e-16, -1.9081958235745036e-16, -2.1293730667615477e-16, -1.6826817716975174e-16, -2.2377932840101117e-16, -1.8127860323957824e-16, -2.0383000842727742e-16, -1.4137996329211113e-16, -9.107298248878332e-17, -9.020562075079518e-17, 1.8214596497756653e-17, 6.591949208711932e-17, 6.548581121812505e-17, 1.6956921977673524e-16, 1.3530843112619204e-16, 2.740863092043385e-16, 3.2873009869760854e-16, 2.706168622523849e-16, 2.5934115965853513e-16, 2.671474153004328e-16, 2.393918396848015e-16, 2.558717127065814e-16, 2.419939248987675e-16, 1.9168694409544076e-16, 8.153200337091113e-17, 5.117434254131667e-17, -6.765421556309671e-17, -5.0740661672322027e-17, -8.153200337091133e-17, -1.3877787807814644e-16, -2.1076890233118492e-16, -1.5439038936193716e-16, -2.4286128663675635e-16, -2.5934115965853596e-16, -2.901325013571226e-16, -2.688821387764081e-16, -2.463307335887121e-16, -2.0643209364124409e-16, -1.8561541192952068e-16, -2.2204460492503397e-16, -1.4918621893400726e-16, -4.423544863740934e-17, -7.806255641895774e-18, 8.673617379884145e-18, 1.3010426069826158e-17, 4.51028103753975e-17, 9.454242944073865e-17, 1.9168694409543918e-16, 1.71303943252712e-16, 1.825796458465607e-16, 1.8301332671555505e-16, 3.291637795666033e-16, 1.8561541192952018e-16, 1.6393136847981046e-16, 2.090341788552086e-16, 1.6393136847981086e-16, 1.2836953722228555e-16, 1.2750217548429685e-16, 3.5561831257525075e-17, -4.16333634234439e-17, -6.765421556309598e-17, -8.847089727481862e-17, -1.2663481374630938e-16, -1.2836953722228631e-16, -1.9775847626136013e-16, -1.795438797636022e-16, -1.8127860323957826e-16, -3.495467804093338e-16, -2.3028454143592425e-16, -1.2923689896027363e-16, -6.938893903907339e-17, 2.4719809532669726e-17, 3.4694469519536524e-17, 1.413799632921123e-16]
loschmidt_echo [1.0, 0.9024638362996353, 0.6628902849010717, 0.3956010725326604, 0.19133100399859873, 0.07481910262703688, 0.023645243657892483, 0.006065911045493379, 0.0012810242319613852, 0.00022947088579338554, 3.6704015226300865e-05, 5.633271672964416e-06, 8.98911352561369e-07, 1.5976504658394683e-07, 3.302337992227705e-08, 8.062701306464643e-09, 2.3037902049896825e-09, 7.413474167179704e-10, 2.470362572683014e-10, 7.640634382471574e-11, 2.4523962575652872e-11, 5.764266872143111e-12, 1.5720526710805566e-11, 1.0073483434310757e-10, 1.8971025822909693e-09, 2.6967693921177574e-08, 3.024582983194685e-07, 2.740740035217561e-06, 2.0019868263060638e-05, 0.0001192269578356859, 0.0005847381980629964, 0.0023797372905217124, 0.008087678063782055, 0.023084119948234536, 0.05563946319077014, 0.1138935509752622, 0.19923259962541665, 0.2999501320341026, 0.3918998439182443, 0.4487286365381181, 0.4553935072197924, 0.4148377319532803, 0.34381086217236567, 0.26279776825233825, 0.1876691158290555, 0.126660204086891, 0.08158114772415398, 0.05054089869434375, 0.03029912152419421, 0.01765526855831803, 0.010027057364975988, 0.005554869723899218, 0.0029972027874791522, 0.0015689830909984299, 0.0007919393871066286, 0.0003821046704918513, 0.00017549243145974222, 7.704444628686688e-05, 3.235509736045342e-05, 1.806988901304506e-05, 1.6155625665542762e-05, 5.954915010428056e-06, 1.0300908301231132e-05, 7.837781601021988e-05, 0.00023150919171104328, 0.0005880954202271962, 0.001533635445482627, 0.003706949376001218, 0.008057198131308022, 0.01608133449572294, 0.029776904136777402, 0.051101887412044064, 0.0812914455059599, 0.12029523725003556, 0.16638898137902294, 0.21613213759255911, 0.2648424064595575, 0.30747116795863727, 0.33956285005888237, 0.3580278465012736, 0.36158765630173445, 0.350840370975954, 0.3279646978259416, 0.29616026285743247, 0.25898748418567863, 0.21978754196680123, 0.1813144117633103, 0.1455915687228085, 0.11390637014482265, 0.08691208892749179, 0.06480871834394551, 0.04734957119062743, 0.03373899382480328, 0.023166612147128143, 0.015562104011145975, 0.010751820348621408, 0.007217177904203897, 0.003897293082726318, 0.0023109815347345216, 0.00343984531727357, 0.004310413844253258, 0.002421629117416304, 0.0011098676095920587, 0.004953508943192186, 0.012462743609726124, 0.01907253579169933, 0.0252459924114822, 0.036188818394749626, 0.054477220736306904, 0.07723854250325086, 0.10060524116640124, 0.12383177730643238, 0.14823484446732757, 0.17397234964980943, 0.19906365389167274, 0.22092147554074096, 0.23796251042602581, 0.249829425229949, 0.25669778635563356, 0.25869551438447935, 0.25582602308207847, 0.24819698549821656, 0.23628554868468382, 0.22100308577985625, 0.20332883028083423, 0.18381883420973696, 0.16294561996930562, 0.14212664757753968, 0.12319448730820957, 0.10573704499007228, 0.08690272391013248, 0.06673867149409801, 0.05156595765786047, 0.046473073920068, 0.04533125565728436, 0.036348785483566265, 0.019708969388755944, 0.010791760335727875, 0.019783837588940194, 0.0350984765552959, 0.03616821271309417, 0.02008062059030505, 0.006449919989250152, 0.014281735088585676, 0.04043383642860692, 0.0645275640598686, 0.07154064930606614, 0.06550605044619318, 0.06230026228009734, 0.07299483627821135, 0.09528168576930385, 0.11831626654836151, 0.13309714105018916, 0.13839369522494102, 0.1390742805835602, 0.1405957997067184, 0.14494924551581678, 0.15044942329892858, 0.15428925432236448, 0.1550617642370107, 0.1530272349228963, 0.14862245083449308, 0.1418687474305518, 0.1337724617237875, 0.1272873950607457, 0.12483274815214546, 0.12388534671644227, 0.11729607419233049, 0.10155984003097283, 0.0845378478495317, 0.08040265609017594, 0.09366822562720122, 0.10999299501872664, 0.10706085296305105, 0.07701776475785191, 0.03740871280022952, 0.017578952639644686, 0.0322607717149081, 0.06748015274243162, 0.09213943887012237, 0.08439385223132091, 0.04938664085626684, 0.014265175732218019, 0.006520709967315915, 0.03403382542250959, 0.08119809281783562, 0.12154608181268335, 0.1359144914967059, 0.12341787964761865, 0.09930545270970358, 0.08337646687895253, 0.08783065322636582, 0.11158409467489003, 0.14321731234441012, 0.16965810782282623, 0.18356673721241096, 0.1844936140702393, 0.17624915019966472, 0.16455113682034814, 0.15502932603229252, 0.15192513672716315]
norm [0.9999999999999998, 0.9999999999999947, 0.9999999999999933, 1.000000000000019, 0.9999999999999803, 1.0000000000000049, 0.9999999999999978, 1.0000000000000004, 0.9999999999999991, 0.9999999999999999, 1.0000000000000002, 0.9999999999999992, 0.9999999999999971, 0.9999999999999984, 1.0, 0.9999999999999993, 0.9999999999999986, 0.9999999999999984, 0.9999999999999976, 0.9999999999999978, 0.9999999999999984, 0.9999999999999984, 0.9999999999999988, 0.9999999999999992, 0.9999999999999997, 0.9999999999999979, 0.9999999999999968, 0.999999999999996, 1.0, 0.9999999999999917, 0.9999999999999947, 1.0000000000000027, 0.9999999999999947, 0.999999999999995, 0.9999999999999944, 0.999999999999993, 0.9999999999999949, 0.9999999999999983, 1.000000000000036, 0.9999999999999972, 1.0000000000000175, 0.9999999999999867, 0.9999999999999778, 0.999999999999996, 0.9999999999999956, 0.9999999999999969, 0.9999999999999892, 1.0000000000000007, 1.000000000000001, 1.0000000000000022, 1.0000000000000022, 0.999999999999996, 0.9999999999999996, 0.9999999999999974, 0.9999999999999969, 0.9999999999999962, 0.9999999999999959, 0.9999999999999973, 0.9999999999999961, 0.9999999999999984, 0.9999999999999959, 0.9999999999999963, 0.9999999999999962, 0.9999999999999972, 0.9999999999999958, 0.999999999999996, 0.9999999999999956, 0.9999999999999981, 0.999999999999999, 1.000000000000002, 0.9999999999999939, 0.9999999999999865, 0.9999999999999845, 0.9999999999999982, 0.9999999999999942, 0.9999999999999891, 0.999999999999992, 0.9999999999999911, 1.0000000000000233, 0.9999999999999798, 0.9999999999999923, 0.999999999999993, 0.9999999999999858, 0.9999999999999962, 1.0000000000000027, 0.9999999999999873, 0.999999999999972, 1.0000000000000093, 0.9999999999999951, 1.000000000000007, 0.9999999999999943, 0.9999999999999885, 0.9999999999999971, 0.9999999999999912, 0.9999999999999918, 0.9999999999999908, 0.9999999999999936, 0.9999999999999922, 0.9999999999999923, 0.9999999999999962, 0.9999999999999913, 0.999999999999992, 0.9999999999999937, 0.999999999999991, 0.9999999999999916, 0.9999999999999938, 0.999999999999995, 0.9999999999999978, 0.9999999999999987, 0.9999999999999898, 0.9999999999999936, 0.9999999999999842, 0.999999999999993, 0.9999999999999767, 0.9999999999999838, 0.9999999999999911, 1.000000000000005, 1.000000000000003, 0.999999999999967, 0.9999999999999817, 0.9999999999999939, 0.9999999999999909, 0.9999999999999887, 0.9999999999999993, 0.9999999999999852, 0.999999999999992, 0.9999999999999887, 0.9999999999999972, 0.9999999999999918, 0.9999999999999921, 0.9999999999999913, 0.9999999999999862, 0.9999999999999897, 0.9999999999999873, 0.9999999999999905, 0.9999999999999896, 0.9999999999999867, 0.9999999999999903, 0.9999999999999901, 0.9999999999999911, 0.9999999999999862, 0.999999999999992, 0.9999999999999892, 0.9999999999999891, 0.999999999999989, 0.9999999999999905, 0.9999999999999831, 0.9999999999999911, 0.9999999999999907, 0.999999999999988, 0.9999999999999813, 0.9999999999999855, 0.9999999999999831, 0.9999999999999818, 0.9999999999999918, 0.9999999999999829, 0.9999999999999866, 0.9999999999999865, 0.9999999999999915, 0.9999999999999862, 0.9999999999999873, 0.9999999999999944, 0.9999999999999889, 0.9999999999999778, 0.9999999999999805, 0.9999999999999876, 0.999999999999988, 0.9999999999999877, 0.9999999999999829, 0.9999999999999819, 0.9999999999999875, 0.999999999999992, 0.9999999999999885, 0.9999999999999718, 0.9999999999999896, 0.9999999999999867, 0.9999999999999905, 0.9999999999999897, 0.9999999999999873, 0.9999999999999902, 0.9999999999999868, 0.999999999999984, 0.9999999999999843, 0.9999999999999858, 0.999999999999988, 0.9999999999999852, 0.9999999999999873, 0.9999999999999926, 0.9999999999999836, 0.9999999999999805, 0.9999999999999799, 0.9999999999999792, 0.9999999999999852, 0.9999999999999895, 0.9999999999999796, 0.9999999999999866, 0.9999999999999885, 0.999999999999984, 0.9999999999999909, 0.999999999999989, 0.9999999999999822]
time: calculate dynamics 54.450737953186035
time_steps_4 [0.0, 0.01, 0.02, 0.03, 0.04, 0.05, 0.06, 0.07, 0.08, 0.09, 0.1, 0.11, 0.12, 0.13, 0.14, 0.15, 0.16, 0.17, 0.18, 0.19, 0.2, 0.21, 0.22, 0.23, 0.24, 0.25, 0.26, 0.27, 0.28, 0.29, 0.3, 0.31, 0.32, 0.33, 0.34, 0.35, 0.36, 0.37, 0.38, 0.39, 0.4, 0.41, 0.42, 0.43, 0.44, 0.45, 0.46, 0.47, 0.48, 0.49, 0.5, 0.51, 0.52, 0.53, 0.54, 0.55, 0.56, 0.57, 0.58, 0.59, 0.6, 0.61, 0.62, 0.63, 0.64, 0.65, 0.66, 0.67, 0.68, 0.69, 0.7, 0.71, 0.72, 0.73, 0.74, 0.75, 0.76, 0.77, 0.78, 0.79, 0.8, 0.81, 0.82, 0.83, 0.84, 0.85, 0.86, 0.87, 0.88, 0.89, 0.9, 0.91, 0.92, 0.93, 0.94, 0.95, 0.96, 0.97, 0.98, 0.99, 1.0, 1.01, 1.02, 1.03, 1.04, 1.05, 1.06, 1.07, 1.08, 1.09, 1.1, 1.11, 1.12, 1.13, 1.14, 1.15, 1.16, 1.17, 1.18, 1.19, 1.2, 1.21, 1.22, 1.23, 1.24, 1.25, 1.26, 1.27, 1.28, 1.29, 1.3, 1.31, 1.32, 1.33, 1.34, 1.35, 1.36, 1.37, 1.38, 1.39, 1.4, 1.41, 1.42, 1.43, 1.44, 1.45, 1.46, 1.47, 1.48, 1.49, 1.5, 1.51, 1.52, 1.53, 1.54, 1.55, 1.56, 1.57, 1.58, 1.59, 1.6, 1.61, 1.62, 1.63, 1.64, 1.65, 1.66, 1.67, 1.68, 1.69, 1.7, 1.71, 1.72, 1.73, 1.74, 1.75, 1.76, 1.77, 1.78, 1.79, 1.8, 1.81, 1.82, 1.83, 1.84, 1.85, 1.86, 1.87, 1.88, 1.89, 1.9, 1.91, 1.92, 1.93, 1.94, 1.95, 1.96, 1.97, 1.98, 1.99, 2.0]
time_steps_pi [0.0, 0.012732395447351628, 0.025464790894703257, 0.03819718634205488, 0.050929581789406514, 0.06366197723675814, 0.07639437268410976, 0.0891267681314614, 0.10185916357881303, 0.11459155902616464, 0.12732395447351627, 0.1400563499208679, 0.15278874536821951, 0.16552114081557115, 0.1782535362629228, 0.1909859317102744, 0.20371832715762606, 0.2164507226049777, 0.22918311805232927, 0.24191551349968093, 0.25464790894703254, 0.26738030439438415, 0.2801126998417358, 0.2928450952890874, 0.30557749073643903, 0.3183098861837907, 0.3310422816311423, 0.34377467707849396, 0.3565070725258456, 0.3692394679731972, 0.3819718634205488, 0.39470425886790045, 0.4074366543152521, 0.4201690497626037, 0.4329014452099554, 0.44563384065730693, 0.45836623610465854, 0.4710986315520102, 0.48383102699936187, 0.4965634224467135, 0.5092958178940651, 0.5220282133414167, 0.5347606087887683, 0.54749300423612, 0.5602253996834716, 0.5729577951308232, 0.5856901905781748, 0.5984225860255264, 0.6111549814728781, 0.6238873769202298, 0.6366197723675814, 0.649352167814933, 0.6620845632622846, 0.6748169587096363, 0.6875493541569879, 0.7002817496043395, 0.7130141450516913, 0.7257465404990427, 0.7384789359463944, 0.751211331393746, 0.7639437268410976, 0.7766761222884493, 0.7894085177358009, 0.8021409131831525, 0.8148733086305042, 0.8276057040778558, 0.8403380995252074, 0.853070494972559, 0.8658028904199108, 0.8785352858672623, 0.8912676813146139, 0.9040000767619655, 0.9167324722093171, 0.9294648676566688, 0.9421972631040204, 0.954929658551372, 0.9676620539987237, 0.9803944494460753, 0.993126844893427, 1.0058592403407787, 1.0185916357881302, 1.0313240312354819, 1.0440564266828334, 1.056788822130185, 1.0695212175775366, 1.0822536130248883, 1.09498600847224, 1.1077184039195915, 1.1204507993669433, 1.1331831948142947, 1.1459155902616465, 1.1586479857089982, 1.1713803811563497, 1.1841127766037014, 1.196845172051053, 1.2095775674984046, 1.2223099629457561, 1.2350423583931078, 1.2477747538404595, 1.260507149287811, 1.2732395447351628, 1.2859719401825145, 1.298704335629866, 1.3114367310772177, 1.3241691265245692, 1.336901521971921, 1.3496339174192726, 1.3623663128666241, 1.3750987083139758, 1.3878311037613276, 1.400563499208679, 1.4132958946560308, 1.4260282901033825, 1.4387606855507338, 1.4514930809980855, 1.464225476445437, 1.4769578718927887, 1.4896902673401402, 1.502422662787492, 1.5151550582348436, 1.5278874536821951, 1.5406198491295469, 1.5533522445768986, 1.56608464002425, 1.5788170354716018, 1.5915494309189535, 1.604281826366305, 1.6170142218136567, 1.6297466172610084, 1.64247901270836, 1.6552114081557117, 1.6679438036030632, 1.6806761990504149, 1.6934085944977666, 1.706140989945118, 1.7188733853924698, 1.7316057808398215, 1.744338176287173, 1.7570705717345245, 1.769802967181876, 1.7825353626292277, 1.7952677580765795, 1.808000153523931, 1.8207325489712827, 1.8334649444186342, 1.8461973398659859, 1.8589297353133376, 1.871662130760689, 1.8843945262080408, 1.8971269216553925, 1.909859317102744, 1.9225917125500958, 1.9353241079974475, 1.948056503444799, 1.9607888988921507, 1.9735212943395024, 1.986253689786854, 1.9989860852342056, 2.0117184806815573, 2.024450876128909, 2.0371832715762603, 2.0499156670236123, 2.0626480624709638, 2.0753804579183153, 2.0881128533656668, 2.1008452488130183, 2.11357764426037, 2.1263100397077217, 2.139042435155073, 2.151774830602425, 2.1645072260497766, 2.177239621497128, 2.18997201694448, 2.2027044123918316, 2.215436807839183, 2.228169203286535, 2.2409015987338865, 2.253633994181238, 2.2663663896285895, 2.2790987850759414, 2.291831180523293, 2.3045635759706444, 2.3172959714179964, 2.330028366865348, 2.3427607623126994, 2.3554931577600513, 2.368225553207403, 2.3809579486547543, 2.393690344102106, 2.4064227395494573, 2.4191551349968092, 2.4318875304441607, 2.4446199258915122, 2.457352321338864, 2.4700847167862157, 2.482817112233567, 2.495549507680919, 2.5082819031282706, 2.521014298575622, 2.533746694022974, 2.5464790894703255]
time_steps [0.0, 0.04, 0.08, 0.12, 0.16, 0.2, 0.24, 0.28, 0.32, 0.36, 0.4, 0.44, 0.48, 0.52, 0.56, 0.6, 0.64, 0.68, 0.72, 0.76, 0.8, 0.84, 0.88, 0.92, 0.96, 1.0, 1.04, 1.08, 1.12, 1.16, 1.2, 1.24, 1.28, 1.32, 1.36, 1.4, 1.44, 1.48, 1.52, 1.56, 1.6, 1.64, 1.68, 1.72, 1.76, 1.8, 1.84, 1.88, 1.92, 1.96, 2.0, 2.04, 2.08, 2.12, 2.16, 2.2, 2.24, 2.28, 2.32, 2.36, 2.4, 2.44, 2.48, 2.52, 2.56, 2.6, 2.64, 2.68, 2.72, 2.76, 2.8, 2.84, 2.88, 2.92, 2.96, 3.0, 3.04, 3.08, 3.12, 3.16, 3.2, 3.24, 3.28, 3.32, 3.36, 3.4, 3.44, 3.48, 3.52, 3.56, 3.6, 3.64, 3.68, 3.72, 3.76, 3.8, 3.84, 3.88, 3.92, 3.96, 4.0, 4.04, 4.08, 4.12, 4.16, 4.2, 4.24, 4.28, 4.32, 4.36, 4.4, 4.44, 4.48, 4.52, 4.56, 4.6, 4.64, 4.68, 4.72, 4.76, 4.8, 4.84, 4.88, 4.92, 4.96, 5.0, 5.04, 5.08, 5.12, 5.16, 5.2, 5.24, 5.28, 5.32, 5.36, 5.4, 5.44, 5.48, 5.52, 5.56, 5.6, 5.64, 5.68, 5.72, 5.76, 5.8, 5.84, 5.88, 5.92, 5.96, 6.0, 6.04, 6.08, 6.12, 6.16, 6.2, 6.24, 6.28, 6.32, 6.36, 6.4, 6.44, 6.48, 6.52, 6.56, 6.6, 6.64, 6.68, 6.72, 6.76, 6.8, 6.84, 6.88, 6.92, 6.96, 7.0, 7.04, 7.08, 7.12, 7.16, 7.2, 7.24, 7.28, 7.32, 7.36, 7.4, 7.44, 7.48, 7.52, 7.56, 7.6, 7.64, 7.68, 7.72, 7.76, 7.8, 7.84, 7.88, 7.92, 7.96, 8.0]
time: plot 0.5132930278778076
