Lx= 4
Ly= 4
N= 16
Hc= 3.04438
field_i= 6.08876
field_f= 0.0
tau=infty
Nsteps= 101
field_steps: h(t)= [6.08876, 6.0278724, 5.9669848, 5.9060972, 5.8452096, 5.7843219999999995, 5.7234343999999995, 5.662546799999999, 5.601659199999999, 5.540771599999999, 5.479884, 5.418996399999999, 5.3581088, 5.2972212, 5.2363336, 5.175446, 5.1145584, 5.0536708, 4.9927832, 4.9318956, 4.871008, 4.8101204, 4.7492328, 4.6883452, 4.6274576, 4.56657, 4.5056823999999995, 4.4447948, 4.3839071999999994, 4.3230196, 4.262131999999999, 4.2012444, 4.140356799999999, 4.0794692, 4.0185816, 3.957694, 3.8968064, 3.8359187999999995, 3.7750312, 3.7141436, 3.653256, 3.5923684, 3.5314807999999998, 3.4705932, 3.4097055999999997, 3.348818, 3.2879303999999996, 3.2270428, 3.1661552, 3.1052675999999995, 3.04438, 2.9834924000000003, 2.9226048, 2.8617171999999997, 2.8008296, 2.7399419999999997, 2.6790544, 2.6181668, 2.5572792, 2.4963916, 2.4355039999999994, 2.3746164, 2.3137288000000003, 2.2528411999999998, 2.1919535999999997, 2.131066, 2.0701783999999996, 2.0092907999999996, 1.9484032000000004, 1.8875155999999995, 1.8266280000000004, 1.7657403999999994, 1.7048528000000003, 1.6439652000000002, 1.5830775999999993, 1.5221900000000002, 1.4613024000000001, 1.4004148, 1.3395272, 1.2786396, 1.217752, 1.1568644, 1.0959767999999999, 1.0350891999999998, 0.9742015999999998, 0.9133140000000006, 0.8524264000000006, 0.7915387999999997, 0.7306511999999996, 0.6697635999999996, 0.6088760000000004, 0.5479884000000004, 0.48710079999999945, 0.4262131999999994, 0.36532560000000025, 0.3044380000000002, 0.24355040000000017, 0.18266280000000013, 0.1217751999999992, 0.06088760000000004, 0.0]
small -h_z\sigma^z: hz= 0.0
site1 [0, 0, 1, 1, 2, 2, 3, 3, 4, 4, 5, 5, 6, 6, 7, 7, 8, 8, 9, 9, 10, 10, 11, 11, 12, 12, 13, 13, 14, 14, 15, 15]
site2 [1, 4, 2, 5, 3, 6, 0, 7, 5, 8, 6, 9, 7, 10, 4, 11, 9, 12, 10, 13, 11, 14, 8, 15, 13, 0, 14, 1, 15, 2, 12, 3]
Jzz [1.0, 1.0, 1.0, 1.0, 1.0, 1.0, 1.0, 1.0, 1.0, 1.0, 1.0, 1.0, 1.0, 1.0, 1.0, 1.0, 1.0, 1.0, 1.0, 1.0, 1.0, 1.0, 1.0, 1.0, 1.0, 1.0, 1.0, 1.0, 1.0, 1.0, 1.0, 1.0]
Jx [1. 1. 1. 1. 1. 1. 1. 1. 1. 1. 1. 1. 1. 1. 1. 1.]
time: prepare interaction 0.0014123916625976562
time: prepare Hamiltonian 2.295616626739502
energy(t=0) -98.78478525989811 -91.03651119376502
time: prepare intial state 0.33927464485168457
ene0 [-98.78478525989816, -98.7846119557335, -98.78407472269437, -98.78314600578402, -98.78179598905358, -98.77999237350464, -98.77770012879786, -98.77488121512232, -98.77149427099282, -98.7674942620477, -98.7628320850999, -98.75745412071346, -98.75130172641347, -98.74431066124421, -98.73641043071586, -98.72752353917457, -98.7175646342004, -98.70643952470837, -98.6940440508609, -98.68026277957132, -98.66496749407763, -98.64801543958492, -98.62924727900906, -98.60848470303927, -98.58552762661222, -98.56015088887153, -98.53210035503201, -98.50108829535957, -98.46678788754072, -98.42882665259908, -98.38677858941523, -98.34015471660133, -98.28839166031716, -98.23083783946656, -98.16673669211222, -98.0952062553305, -98.01521425207879, -97.9255476517671, -97.82477545910504, -97.71120326000656, -97.58281784161582, -97.43722006285678, -97.27154419000333, -97.08236232120414, -96.86557363339216, -96.61628052958976, -96.32865816594371, -95.99583145644458, -95.60978590845815, -95.16135676965041, -94.64036480340872, -94.03599247163528, -93.33750938213636, -92.53543669285042, -91.62315280928381, -90.59876101581659, -89.46678649032678, -88.23906246885646, -86.93419862180087, -85.57543319477486, -84.18733302103732, -82.79233285585302, -81.40813562386836, -80.04652855296783, -78.71355404749875, -77.41056889974088, -76.13564581836427, -74.88491086660925, -73.65360877716512, -72.43684451321451, -71.23003697401006, -70.02915325606422, -68.83079280041721, -67.63217838384882, -66.43109569288241, -65.22580974349071, -64.01497600331425, -62.79755662155896, -61.57274709827778, -60.339915419834156, -59.098553647439324, -57.84824079003456, -56.5886152413423, -55.31935490771436, -54.04016324654063, -52.75075966337105, -51.450873000683636, -50.14023713965734, -48.81858799642812, -47.485661410248255, -46.14119158833091, -44.78490989397833, -43.4165438480311, -42.03581626733732, -40.642444496242774, -39.236139705156155, -37.816606239469635, -36.38354100641018, -34.93663288894096, -33.47556217623814, -32.00000000000001]
ene [-98.78478525989816, -97.82556673006646, -96.86669911035423, -95.90819565109376, -94.95007032225944, -93.99233786603136, -93.03501385427319, -92.07811475148802, -91.12165798389636, -90.16566201536585, -89.2101464310292, -88.25513202954536, -87.30064092510267, -86.34669666042497, -85.39332433223674, -84.44055073087206, -83.48840449597861, -82.5369162905882, -81.58611899620166, -80.63604793198519, -79.68674110171067, -78.73823947271588, -77.79058729192819, -76.84383244492543, -75.89802686512493, -74.95322700155114, -74.00949435527566, -73.0668960966309, -72.1255057777428, -71.18540415792013, -70.24668016309889, -69.30943200503246, -68.37376849142355, -67.43981056494664, -66.50769311736654, -65.57756713502698, -64.64960224417447, -63.72398973920364, -62.80094619416913, -61.88071777779254, -60.963585414202385, -60.049870954378086, -59.139944543679206, -58.2342333830464, -57.33323207487985, -56.43751470116062, -55.547748671706366, -54.66471015941787, -53.78930054268296, -52.92256262157346, -52.06569438374876, -51.22005673889199, -50.387170042947496, -49.568692839627545, -48.766375982389434, -47.98198753951544, -47.21720988719126, -46.47352001845901, -45.7520743757005, -45.0536248144866, -44.37848751082913, -43.72657183489081, -43.09745822700798, -42.49050194754322, -41.904937909910885, -41.33996865434359, -40.794827346127256, -40.268815812685276, -39.761322218409724, -39.27182440448218, -38.79988443424833, -38.34513861426066, -37.907285905342206, -37.486076509668266, -37.081301596685705, -36.69278458223396, -36.32037403774156, -35.963938117054376, -35.62336029709387, -35.298536198541825, -34.989371258818466, -34.69577905481873, -34.41768010620181, -34.155001024645095, -33.90767390640215, -33.675635892775375, -33.45882884504863, -33.257199097209714, -33.07069726204289, -32.89927807473624, -32.74290026388452, -32.60152644345441, -32.475123021558744, -32.3636601232597, -32.26711152542874, -32.18545460218226, -32.11867027972217, -32.06674299963563, -32.02966068988041, -32.00741474284319, -32.0]
mz0mz1 [0.08893160731294263, 0.09000279340717417, 0.09110294080278344, 0.09223335987840964, 0.09339544747496316, 0.0945906945012376, 0.09582069437667715, 0.09708715242153362, 0.0983918963214676, 0.0997368878133584, 0.10112423576227028, 0.10255621082681335, 0.10403526194239544, 0.10556403489002474, 0.10714539326364082, 0.1087824422028581, 0.11047855532230544, 0.1122374053456331, 0.1140629990444059, 0.11595971719283107, 0.1179323603825864, 0.11998620170294066, 0.12212704748595557, 0.12436130755233789, 0.12669607667964214, 0.1291392293621876, 0.13169953035480825, 0.13438676400676042, 0.13721188601713272, 0.1401872020015935, 0.14332657817794311, 0.14664569058241256, 0.15016232054764392, 0.15389670572954897, 0.15787195777320245, 0.16211455973768987, 0.1666549585802102, 0.1715282701512145, 0.1767751159148029, 0.18244261131318387, 0.18858552415882132, 0.19526761564730238, 0.2025631632051539, 0.21055863807848993, 0.21935446308098286, 0.2290666951309896, 0.23982834660983537, 0.2517898595413721, 0.2651179603049936, 0.2799917518527902, 0.2965944988777749, 0.31509929091854805, 0.335646967519354, 0.3583158958719246, 0.38308597743743544, 0.4098036978635215, 0.43815981202273874, 0.46769315552909624, 0.4978292540163857, 0.5279500638044976, 0.5574767865840744, 0.5859406773108682, 0.6130225146138103, 0.6385558721698976, 0.6625028541411799, 0.6849168047804947, 0.7059047238581151, 0.7255967922903099, 0.7441253405200771, 0.7616124368381192, 0.7781639884841642, 0.793868141285304, 0.8087961771365187, 0.8230046381005592, 0.8365378680969695, 0.8494305060983887, 0.8617096955981144, 0.873396919403238, 0.8845094525429776, 0.895061469951608, 0.9050648644269782, 0.9145298342867341, 0.9234652958368985, 0.9318791675577413, 0.9397785635028147, 0.9471699243849148, 0.9540591070113696, 0.9604514464459143, 0.9663518005139059, 0.9717645828514379, 0.9766937883698423, 0.981143013495752, 0.9851154726126443, 0.9886140115774902, 0.9916411188714823, 0.9941989347672542, 0.9962892587937313, 0.9979135557166046, 0.9990729602073217, 0.9997682803371482, 1.0]
mx0mx1 [0.9770160563324345, 0.9764772291578474, 0.9759180168066347, 0.9753373104152135, 0.9747339201360905, 0.9741065675861108, 0.9734538774312105, 0.9727743679905072, 0.9720664407242399, 0.9713283684484095, 0.9705582820934923, 0.9697541557943742, 0.9689137900628738, 0.968034792751593, 0.9671145574670211, 0.9661502390290897, 0.9651387255014781, 0.9640766062294018, 0.9629601352159867, 0.961785189040703, 0.9605472183685793, 0.9592411919109606, 0.9578615314695434, 0.9564020364158491, 0.9548557956162016, 0.9532150843929336, 0.9514712435976695, 0.9496145372397509, 0.947633984334676, 0.9455171596807802, 0.9432499570978811, 0.940816307223706, 0.9381978402119249, 0.9353734815571484, 0.9323189667406324, 0.9290062574193377, 0.9254028384919162, 0.9214708716861657, 0.9171661776234117, 0.9124370152521253, 0.9072226262981109, 0.9014515150983547, 0.8950394445794844, 0.8878871533923219, 0.87987784724398, 0.8708746044812011, 0.8607179837881567, 0.8492243585888257, 0.8361858575200519, 0.8213732764293503, 0.8045439032318875, 0.7854566948284418, 0.7638972727434946, 0.739714080597222, 0.712863944705533, 0.6834598335407492, 0.6518070641782836, 0.6184103317702553, 0.5839379246556935, 0.549143536969009, 0.5147647096146586, 0.4814284657576863, 0.4495907895789062, 0.41952022333243977, 0.3913183729189811, 0.36496086669354655, 0.34034266702126764, 0.31731728489794436, 0.29572562761977184, 0.27541445927693986, 0.2562464768800899, 0.23810448276447, 0.22089183889844632, 0.20453084482106662, 0.18896015210750863, 0.1741319093997637, 0.16000903406414296, 0.14656280892777485, 0.13377087877652907, 0.1216156484232789, 0.11008304496421027, 0.09916158921760507, 0.08884171699606752, 0.07911529419964147, 0.06997527699269096, 0.06141547709978768, 0.053430401004387985, 0.04601513969450477, 0.0391652921665743, 0.03287691107410055, 0.027146462782295364, 0.021970796854770245, 0.01734712188121571, 0.013272985778900383, 0.009746259460212485, 0.0067651232094825976, 0.004328055368264122, 0.002433823074838292, 0.0010814748824375074, 0.00027033513332568726, -1.064167155389001e-17]
mx [0.9847958967208019, 0.9844422608903938, 0.9840753763595267, 0.9836945298557805, 0.9832989564978625, 0.9828878350175674, 0.9824602824378875, 0.9820153481336232, 0.9815520071893322, 0.9810691529558179, 0.9805655886903417, 0.9800400181467104, 0.9794910349588506, 0.9789171106346307, 0.9783165809446356, 0.9776876304522915, 0.9770282748856776, 0.9763363409960336, 0.9756094434811016, 0.9748449584706157, 0.9740399929730649, 0.973191349563487, 0.9722954854463236, 0.9713484648492103, 0.9703459034851065, 0.9692829035518065, 0.9681539774075318, 0.9669529576541781, 0.9656728908574208, 0.9643059115130594, 0.9628430921045611, 0.9612742641560447, 0.9595878040314505, 0.9577703758248906, 0.9558066219904561, 0.9536787903420035, 0.9513662837087533, 0.9488451159075104, 0.9460872549360556, 0.9430598317430878, 0.9397241912611674, 0.9360347628472697, 0.9319377320611918, 0.927369508556468, 0.9222550118456048, 0.9165058473050965, 0.910018532862489, 0.9026730807167702, 0.8943324582786396, 0.884843760371171, 0.8740423012990323, 0.8617601855944577, 0.8478410056144132, 0.8321617211976334, 0.8146609647457558, 0.7953696923119805, 0.7744359330306904, 0.7521326334500514, 0.7288395183633092, 0.7049981354273177, 0.6810507789183154, 0.657381708076698, 0.6342774961181183, 0.6119138035036189, 0.59036510220247, 0.5696277972317539, 0.5496469586470047, 0.5303400601407273, 0.5116148226457715, 0.49338090323804373, 0.47555648997617017, 0.4580712322268259, 0.44086680962183455, 0.4238961418728003, 0.4071219336303635, 0.3905149975974398, 0.37405261646228627, 0.35771708033178584, 0.3414944567623638, 0.32537360215157396, 0.3093453961251554, 0.29340216740414987, 0.27753727539106504, 0.2617448128381906, 0.24601939900787048, 0.2303560380423699, 0.21475002275011482, 0.19919686904012618, 0.18369227047033324, 0.1682320657141424, 0.15281221423261823, 0.13742877718651123, 0.12207790178569274, 0.10675580800583384, 0.09145877703706691, 0.07618314107269004, 0.060925274173952056, 0.04568158401175771, 0.030448504316834726, 0.015222487885971785, 4.649796269955148e-18]
mz [1.0547118733938983e-15, 7.667477763817502e-16, -9.020562075079371e-17, -2.0816681711721668e-16, 2.671474153004275e-16, 6.62664367823141e-16, -4.510281037539697e-16, 7.285838599102574e-17, 1.1830814106161816e-15, 3.490263633665335e-15, 6.314393452555557e-16, 2.8275992658421987e-15, 1.6722734308416434e-15, 2.2447321779139833e-15, 5.301314942585131e-15, 1.047772979489989e-15, -2.324529457808912e-16, 4.406197628981089e-16, -8.673617379884021e-17, -7.702172233337003e-16, -2.1857515797307792e-16, -1.561251128379127e-16, -4.614364446098316e-16, -2.567390744445675e-15, 1.2975731600306543e-15, -1.6653345369377309e-16, 4.2604808569990335e-15, 6.071532165918813e-15, 2.0816681711721664e-17, 1.942890293094021e-16, -2.9143354396410394e-16, 8.951173136040344e-16, -4.697631172945209e-15, -2.0816681711721658e-16, 2.574329638349579e-15, -1.706967900361183e-15, -3.781697177629439e-15, -1.873501354054953e-15, -1.2836953722228374e-15, 2.831068712794151e-15, -2.4147350785597167e-15, -1.1726730697603236e-15, 1.4363510381088e-15, -1.5959455978986603e-16, -3.1363800445660672e-15, 1.7735812818386847e-14, 1.3877787807814439e-15, 2.914335439641032e-16, 7.230327447871345e-15, 2.0719537197066952e-14, 7.077671781985375e-15, -1.0547118733938973e-15, -2.1954660311962426e-14, 1.8374191057546325e-14, 3.663735981263015e-15, 3.0114799542957276e-14, 4.243827511629671e-14, 4.718447854656906e-14, 1.788846848427276e-13, 3.1424862712015056e-13, -7.902012377769548e-14, -1.56541446472147e-14, 1.556366147070776e-12, -5.024869409453451e-13, 5.53446177775639e-13, -1.3934964293582695e-12, -8.03135336013837e-13, 5.171418848703979e-13, 8.05711053430968e-12, -2.088773598529764e-12, -3.8105685273848167e-11, -2.4794610808953633e-12, 2.9000801760048563e-11, -2.4904578399542727e-11, 3.0240920878554744e-11, -2.5048296770080494e-12, 1.5041284884276244e-10, 3.19914150725963e-10, 1.7150730835524552e-10, 6.014995723724307e-10, -1.1647841025030926e-09, -1.7915202932261598e-08, 2.2089075013553834e-09, 6.139686481443364e-09, 5.413924427100082e-07, -4.7132102332092364e-08, 4.929659213059881e-07, 3.230388522235109e-07, -7.878221445767338e-07, 9.473905726808958e-06, 4.3732965282761154e-05, 0.00011960329561294664, -0.005004524609627632, -0.016458819216370383, -0.46623408977803077, 0.6965071118706039, 0.7942136481109553, 0.5190813310402735, 0.9751116721537904, 0.14889842164707906, -0.4399674233132475]
mx_stag [-3.4152368433293374e-18, -1.8973538018496364e-19, 2.046431600566384e-18, -3.93023287525995e-19, -9.21571846612676e-19, 8.456776945386944e-18, -2.8460307027744487e-19, -5.692061405548886e-19, 3.659182332138575e-19, -2.6291902682773475e-18, -4.418123852878416e-18, -2.7511630126819706e-18, 2.6969529040576942e-18, 6.030874584450605e-18, 8.267041565201985e-19, 1.6263032587282528e-19, -2.1412992906588628e-18, -2.0193265462542516e-18, -6.505213034913015e-19, 6.098637220230946e-19, -5.149960319306151e-19, 8.402566836762662e-19, 5.421010862427533e-20, -2.1684043449710093e-19, -1.1113072267976444e-18, 4.282598581317732e-18, 2.3581397251559694e-18, -3.794707603699258e-19, -9.757819552369528e-19, 4.309703635629873e-18, 1.1926223897340562e-18, 1.3552527156068836e-18, -2.0410105897039692e-17, -2.7105054312137577e-19, -6.993104012531496e-18, 7.047314121155798e-19, 1.3281476612947425e-18, -8.944667923005418e-18, 1.4257258568184386e-17, 4.336808689942021e-19, 1.4094628242311563e-18, 7.04731412115579e-19, 7.047314121155797e-19, -2.7105054312137577e-19, -1.1221492485224971e-17, -2.7105054312137568e-19, 7.047314121155769e-19, -4.5536491244391125e-18, -1.3823577699190206e-17, -5.529431079676064e-18, 2.4231918555051033e-17, -2.114194236346731e-18, 6.613633252161564e-18, -1.6696713456276753e-17, -5.833007687972011e-17, -1.0842021724855012e-18, -4.4885969940899995e-17, 3.6103932343767224e-17, 7.3725747729014e-18, -2.168404344971009e-19, -3.610393234376728e-17, -9.866239769618086e-18, 6.288372600415927e-18, 1.0516761073109379e-17, -1.1210650463500086e-16, -3.4477629085039146e-17, 2.4936649967166563e-18, 2.667137344314341e-17, -1.1492543028346337e-16, 1.5395670849294123e-17, 8.326672684688674e-17, 2.520770051028799e-17, 4.2392304944183334e-17, 1.3931997916438723e-17, -2.949029909160568e-17, 2.7918205941501764e-17, 7.589415207398528e-19, -2.316397941515273e-16, 1.1210650463500123e-16, 6.20434693204828e-17, 8.917562868693284e-17, 7.868597266813562e-17, -3.90014626497348e-16, 6.925341376751162e-17, 1.1947907940790237e-16, -1.426267957904676e-16, 6.082374187643684e-17, -1.0625181290357917e-17, -3.4626706883755835e-17, 1.0368360900750447e-16, 8.578072063433748e-17, -3.1760347390247233e-17, 1.1758341967194737e-16, 1.851614022697901e-17, 5.791841886735459e-17, -1.611480182151311e-19, -6.748872650102575e-17, 2.409322220389412e-16, 6.266220207303387e-17, 1.153719225257847e-16, 6.883470272298766e-18]
mz_stag [4.336808689942016e-18, -1.3010426069826078e-18, 2.623769257414913e-17, -1.5178830414797049e-18, -4.336808689942005e-19, -8.088148206741872e-17, -1.1926223897340546e-17, -4.6837533851373687e-17, 1.9732479539236168e-17, 6.787105599759257e-17, -1.0451708942760228e-16, 9.801187639268971e-17, -2.493664996716662e-17, -5.767955557622871e-17, 9.822871682718686e-17, -9.844555726168356e-17, 3.94649590784722e-17, -1.520051445824677e-16, 8.023096076392719e-18, 1.8214596497756425e-17, 8.261620554339552e-17, -8.67361737988404e-19, -1.6761765586625933e-16, -3.469446951953615e-18, -3.903127820947824e-18, 1.9515639104739034e-17, -3.2309224740067995e-17, 5.204170427930411e-18, 2.2117724318704266e-17, 1.0820337681405317e-16, 3.9031278209478206e-18, 8.673617379884056e-18, 4.4452289071905836e-17, -4.9873299934333136e-17, 5.876375774871428e-17, -6.938893903907248e-18, -9.97465998686664e-18, 8.066464163292158e-17, 2.3852447794681104e-17, -2.0383000842727496e-17, -4.770489558936222e-18, -3.0357660829594174e-18, -4.5536491244391303e-17, 6.071532165918817e-18, 3.2526065174565133e-18, -1.170938346284343e-17, 1.1492543028346332e-17, 5.2258544713801246e-17, -4.770489558936228e-17, 1.7347234759768044e-18, -7.979727989493315e-17, 2.4719809532669467e-17, -8.673617379884018e-19, 3.3610267347050607e-17, 4.2717565595928856e-17, -2.4719809532669424e-17, -7.166576360129202e-17, -7.047314121155765e-18, -1.0083080204115148e-17, -1.0299920638612292e-17, 4.781331580661073e-17, 1.0408340855860838e-17, -3.469446951953615e-18, -6.657001339060989e-17, 2.3852447794681033e-17, -4.662069341687684e-17, -3.0357660829594078e-18, -2.5370330836160804e-17, -1.7780915628762257e-17, 1.1058862159352116e-17, -9.584347204771859e-17, 4.9005938196344825e-17, 5.3993268189778256e-17, -7.589415207398526e-18, -4.553649124439112e-18, 4.119968255444921e-18, -1.4896937849950824e-16, 4.2500725161431644e-17, -2.10335221462188e-17, -5.290906601729245e-17, 1.0842021724855056e-19, 2.0708261494473172e-17, 6.505213034913025e-17, 2.0057740190981838e-17, -2.8297676701871616e-17, -4.4127028420159876e-17, 6.722053469410132e-18, -6.28837260041591e-18, 2.1684043449710113e-19, -5.3125906451789756e-18, 4.98732999343332e-18, -2.222614453595283e-18, 4.065758146820638e-18, -1.6534083130403946e-18, 1.8051966171883658e-17, 1.7957098481791218e-19, 2.657989388483998e-18, -2.25988390327448e-18, -1.7998920733561844e-18, -7.165898733771368e-19, -1.8444528976140506e-32]
loschmidt_echo [1.0000000000000009, 0.9999913850777432, 0.9999646319376629, 0.9999182922439325, 0.999850794273864, 0.9997604305509925, 0.9996453440141071, 0.9995035125203431, 0.9993327314486594, 0.9991305941324803, 0.9988944698060614, 0.998621478696719, 0.9983084638329752, 0.9979519590647624, 0.9975481527037289, 0.997092846086395, 0.996581406236672, 0.9960087116526186, 0.9953690900596034, 0.9946562467514045, 0.9938631818736507, 0.9929820946798241, 0.9920042723957532, 0.9909199608479197, 0.9897182134240368, 0.9883867142166005, 0.9869115703212104, 0.985277067184613, 0.9834653795780134, 0.9814562291562401, 0.9792264775909718, 0.9767496418667705, 0.9739953154280517, 0.9709284753927082, 0.9675086519526843, 0.9636889313616438, 0.9594147586664948, 0.9546225008723949, 0.9492377261978695, 0.9431731517637659, 0.9363262128204423, 0.928576215575842, 0.9197810598192158, 0.9097735682605259, 0.8983575548372554, 0.8853039312736399, 0.8703474279143393, 0.8531849386027309, 0.8334771354767632, 0.810855848545807, 0.7849406699805656, 0.75536899143838, 0.7218434776767384, 0.6841985936424189, 0.6424818255896391, 0.5970352358590468, 0.5485515651079444, 0.4980733536749012, 0.4469126695873658, 0.3964960518023473, 0.34817301709495907, 0.3030453977888027, 0.26186475930282643, 0.22501338461975998, 0.19255235437110563, 0.16430465417230058, 0.13994340308180453, 0.11906661641087324, 0.1012515501412232, 0.08608934912706068, 0.07320415935725903, 0.06226148132417543, 0.05296981741212604, 0.0450785669169256, 0.038374113614744375, 0.03267528458023185, 0.027828836549438508, 0.023705296246688465, 0.020195286056476948, 0.0172063588585646, 0.01466031180240923, 0.012490925784996396, 0.010642071321569833, 0.009066123932046415, 0.0077226382936578875, 0.00657723763325168, 0.005600681854702022, 0.004768084157082745, 0.004058251228448092, 0.0034531265218858145, 0.0029373197390063746, 0.0024977085911303694, 0.0021230878440608634, 0.0018038267933703246, 0.0014429583978512672, 0.0011156586383131444, 0.0002175674413730733, 6.813323992217752e-05, 0.0004837385933043145, 3.7457580672843306e-06, 2.9002481717719954e-05]
kink density of the final state: N tau KinkDens 16 inf 0.0
time: calculate dynamics 28.928208589553833
time: plot 0.5267276763916016
