Lx= 4
Ly= 4
N= 16
field_i= 10000000000.0
field_f= 3.04438
J= 1.0
tau= 1.0
dt= 0.01
Nbond= 32
site1 [0, 0, 1, 1, 2, 2, 3, 3, 4, 4, 5, 5, 6, 6, 7, 7, 8, 8, 9, 9, 10, 10, 11, 11, 12, 12, 13, 13, 14, 14, 15, 15]
site2 [1, 4, 2, 5, 3, 6, 0, 7, 5, 8, 6, 9, 7, 10, 4, 11, 9, 12, 10, 13, 11, 14, 8, 15, 13, 0, 14, 1, 15, 2, 12, 3]
Jzz [1.0, 1.0, 1.0, 1.0, 1.0, 1.0, 1.0, 1.0, 1.0, 1.0, 1.0, 1.0, 1.0, 1.0, 1.0, 1.0, 1.0, 1.0, 1.0, 1.0, 1.0, 1.0, 1.0, 1.0, 1.0, 1.0, 1.0, 1.0, 1.0, 1.0, 1.0, 1.0]
Jx [1. 1. 1. 1. 1. 1. 1. 1. 1. 1. 1. 1. 1. 1. 1. 1.]
time: prepare interaction 0.001453399658203125
time: prepare Hamiltonian 2.3186423778533936
energy(t=0) -159999999999.9999 -140000000004.0001
time: prepare intial state 0.5659432411193848
ene0 [-160000000000.0004, -159872200666.25803, -159491202107.26025, -158864138869.2816, -158002691476.46094, -156922778490.63794, -155644140276.11395, -154189828454.90457, -152585617835.10132, -150859359623.1988, -149040295946.18048, -147158356120.25198, -145243454765.38278, -143324810870.70334, -141430305380.82605, -139585892922.95007, -137815081053.68118, -136138487984.37155, -134573487238.3518, -133133945174.56769, -131830054830.07399, -130668267120.80165, -129651318115.12688, -128778348869.46028, -128045112200.87915, -127444258783.47685, -126965693116.9148, -126596988260.46426, -126323846797.76299, -126130594347.01454, -126000691113.33557, -125917246547.08195, -125863522169.95126, -125823408091.48259, -125781859676.10545, -125725282226.36427, -125641853388.20607, -125521775200.73857, -125357450224.9327, -125143578892.71861, -124877178006.51599, -124557523069.42586, -124186019718.89384, -123766011861.63786, -123302536069.41194, -122802033319.63562, -122272030201.71806, -121720802235.086, -121157031960.38571, -120589473996.72108, -120026638351.51962, -119476501988.20087, -118946257074.45073, -118442102531.54655, -117969083566.20256, -117530981873.38727, -117130257229.04828, -116768039317.60799, -116444166923.40137, -116157270111.5355, -115904889775.42615, -115683627967.285, -115489321774.62386, -115317233168.27878, -115162247221.86128, -115019071371.90778, -114882428925.33064, -114747240786.87717, -114608790327.9159, -114462867394.75612, -114305888602.8696, -114134992223.98982, -113948107090.22804, -113743995961.47229, -113522274686.3124, -113283409198.45609, -113028692908.23135, -112760207361.78748, -112480769151.52425, -112193865983.96046, -111903584570.67415, -111614532637.69237, -111331756889.87009, -111060658264.26447, -110806905307.53381, -110576346062.2017, -110374918486.28358, -110208559193.73514, -110083110212.61473, -110004223524.09897, -109977263366.0351, -110007206641.751, -110098542238.79286, -110255170591.49977, -110480305367.9315, -110776379673.13219, -111144959586.94888, -111586668150.5364, -112101123046.50557, -112686891161.35245, -113341462968.11058]
ene [-48.71008000159518, -48.7100800015999, -48.710080001600794, -48.710080001600005, -48.710080001600026, -48.71008000159942, -48.71008000159952, -48.71008000160057, -48.7100800015999, -48.710080001600105, -48.71008000159969, -48.71008000160013, -48.71008000159979, -48.710080001600076, -48.71008000159997, -48.710080001600325, -48.710080001599714, -48.710080001600076, -48.71008000160045, -48.71008000160029, -48.710080001599714, -48.710080001600126, -48.710080001600694, -48.7100800016003, -48.71008000160077, -48.71008000160015, -48.710080001600254, -48.71008000159996, -48.71008000160019, -48.710080001600424, -48.71008000159988, -48.710080001600296, -48.710080001600296, -48.7100800016, -48.71008000160011, -48.71008000159982, -48.710080001599835, -48.71008000160029, -48.71008000159971, -48.71008000160005, -48.71008000159994, -48.710080001599835, -48.710080001599856, -48.71008000160007, -48.710080001600225, -48.7100800016003, -48.710080001599906, -48.710080001600666, -48.71008000159999, -48.71008000160004, -48.71008000159993, -48.71008000159952, -48.71008000159953, -48.710080001600495, -48.71008000160037, -48.710080001599934, -48.71008000160021, -48.710080001600396, -48.71008000160003, -48.71008000159987, -48.71008000160056, -48.71008000159959, -48.71008000160081, -48.71008000159996, -48.71008000160006, -48.71008000159997, -48.71008000160011, -48.71008000160027, -48.71008000160078, -48.710080001600026, -48.71008000160043, -48.710080001599586, -48.71008000160003, -48.7100800016004, -48.71008000159977, -48.71008000159959, -48.71008000159998, -48.71008000160031, -48.71008000160066, -48.71008000159968, -48.710080001599756, -48.71008000160004, -48.710080001600375, -48.710080001600254, -48.71008000159961, -48.71008000160011, -48.710080001600474, -48.7100800016006, -48.710080001599955, -48.71008000159975, -48.71008000160034, -48.71008000160056, -48.71008000160019, -48.710080001600296, -48.710080001599785, -48.710080001599756, -48.71008000160022, -48.71008000159957, -48.71008000159978, -48.71008000159979, -48.71008000159962]
mz0mz1 [5.000080565508703e-11, 0.0012158429742882516, 0.004840544203666717, 0.010806227894355829, 0.019001769189839562, 0.02927572386725215, 0.0414402882694814, 0.05527615646827389, 0.07053811499389416, 0.0869611961712379, 0.10426719954225944, 0.12217138694539881, 0.14038916003452434, 0.15864253847781662, 0.1766662716810242, 0.19421343543172212, 0.21106038618235734, 0.22701096871329812, 0.2418998967527486, 0.25559525009484196, 0.2680000553703962, 0.279052940581119, 0.2887278756275182, 0.297033032230407, 0.3040088167609631, 0.3097251484091603, 0.3142780726104509, 0.3177858153955222, 0.3203843979157557, 0.322222941341336, 0.32345880011217304, 0.32425266563933114, 0.32476378257464233, 0.32514541538164665, 0.3255406940217968, 0.32607895419833216, 0.3268726700933037, 0.3280150564447887, 0.3295783929135151, 0.33161309793404287, 0.33414755271585483, 0.33718864989609365, 0.34072301667933325, 0.3447188401820374, 0.3491282040344459, 0.35388983079014574, 0.3589321148295646, 0.3641763254469585, 0.36953985966388264, 0.374939428769962, 0.3802940712138909, 0.3855278966584901, 0.39057248106788917, 0.3953688498422748, 0.39986900446151147, 0.4040369670614311, 0.4078493361023886, 0.4112953641197852, 0.41437658486907397, 0.4171060314827341, 0.41950709913237866, 0.42161211483134037, 0.423460683228229, 0.4250978804517694, 0.42657236831333917, 0.42793449860774585, 0.4292344721441212, 0.4305206098474677, 0.4318377842486746, 0.4332260494342487, 0.43471949660483816, 0.4363453513488572, 0.4381233181104309, 0.44006516760527176, 0.44217455452987503, 0.4444470461365607, 0.44687033732366654, 0.449424624911577, 0.4520831127204035, 0.4548126198001825, 0.457574266454099, 0.4603242162165894, 0.4630144563147589, 0.4655936039212462, 0.4680077302545006, 0.4702011988654827, 0.4721175178772672, 0.4737002081997665, 0.47489369060370273, 0.4756441939063606, 0.47590068442523636, 0.47561581345724613, 0.47474687512911784, 0.4732567619273628, 0.4711149000183533, 0.4682981416010387, 0.4647915874811496, 0.4605893102398061, 0.4556949471252351, 0.4501221323314203, 0.4438947407136942]
mx0mx1 [1.0000000000000029, 0.9988021201312587, 0.9952337888158718, 0.9893699412631259, 0.9813322314911587, 0.9712843832086642, 0.9594260786362193, 0.9459857424452311, 0.9312126271538235, 0.9153686236075391, 0.89872020591477, 0.8815308776819472, 0.8640544212712195, 0.8465291714351816, 0.8291734471887499, 0.8121821891872472, 0.7957247713399932, 0.7799438905478939, 0.7649553910705357, 0.7508488518107836, 0.7376887554647585, 0.7255160659936195, 0.7143500618417395, 0.7041903024868738, 0.6950186406199341, 0.6868012270010762, 0.6794904858728887, 0.673027062685504, 0.6673417609035855, 0.6623574901595856, 0.6579912445428032, 0.654156118972591, 0.6507633557913236, 0.6477243957811993, 0.6449528906958409, 0.6423666207651324, 0.6398892525507507, 0.6374518712510067, 0.6349942273955653, 0.6324656502188245, 0.6298255974399697, 0.6270438317099019, 0.6241002353195312, 0.6209842946269651, 0.6176943020892236, 0.6142363353531471, 0.6106230788329116, 0.6068725535651555, 0.6030068165435527, 0.5990506823666021, 0.5950305093771688, 0.5909730811057866, 0.5869046031922457, 0.5828498271775451, 0.5788313063190205, 0.5748687850935218, 0.5709787230633927, 0.5671739546638622, 0.5634634883537254, 0.5598524504841608, 0.556342180259119, 0.5529304815388034, 0.549612034497162, 0.5463789651301824, 0.5432215635035454, 0.5401291329080277, 0.537090942491383, 0.5340972463498107, 0.5311403234611102, 0.5282154861706672, 0.5253220010367246, 0.5224638653502266, 0.5196503859655067, 0.5168965143219545, 0.5142229025086879, 0.5116556594261974, 0.5092258027616422, 0.5069684206186683, 0.50492157506682, 0.5031249973503625, 0.5016186397686087, 0.5004411611370008, 0.4996284302534012, 0.49921213415434995, 0.4992185746822472, 0.4996677278684883, 0.5005726261220932, 0.5019391038335944, 0.5037659237763251, 0.5060452759743187, 0.5087636141664217, 0.5119027695018531, 0.5154412586387714, 0.5193556859440851, 0.5236221287951388, 0.5282173924954883, 0.533120027949111, 0.5383110212189064, 0.543774088851724, 0.5494955449495457, 0.5554637431340471]
mx [1.0000000000000009, 0.9992012541638816, 0.9968200131694109, 0.9929008679308469, 0.9875168217240643, 0.9807673655606292, 0.9727758767174277, 0.9636864278320972, 0.9536601114552641, 0.9428709976276068, 0.9315018496427792, 0.9197397257271483, 0.907771592255556, 0.8957800679101677, 0.8839394085948393, 0.8724118307295952, 0.8613442565432967, 0.850865549856926, 0.8410842951913168, 0.8320871572899389, 0.8239378426343562, 0.8166766694492108, 0.8103207381617942, 0.8048646803747235, 0.8002819511947022, 0.7965266173347861, 0.7935355819178612, 0.7912311765643365, 0.7895240424219433, 0.7883162146044048, 0.787504319393656, 0.7869827908544149, 0.7866470134972405, 0.786396300506737, 0.7861366229105536, 0.7857830138495536, 0.7852615836109182, 0.7845110949390119, 0.7834840638399158, 0.7821473680131618, 0.7804823624739038, 0.7784845191164714, 0.7761626231749424, 0.7735375740662912, 0.7706408503639995, 0.7675127081769408, 0.7642001886889425, 0.7607550138964532, 0.757231449678502, 0.7536842124045134, 0.7501664896209471, 0.7467281373491488, 0.743414106637207, 0.7402631407430974, 0.7373067722087859, 0.7345686366278612, 0.7320641075999765, 0.7298002456527888, 0.7277760431883863, 0.7259829381136802, 0.7244055610125095, 0.7230226747112042, 0.7218082610067081, 0.7207327072167249, 0.7197640450513182, 0.7188691959888439, 0.7180151806974651, 0.7171702548318813, 0.7163049394631041, 0.7153929211305758, 0.7144118036809989, 0.7133437013126722, 0.7121756692263036, 0.7108999746711792, 0.7095142167010215, 0.7080213074014677, 0.7064293305870674, 0.7047512959212899, 0.7030048071066077, 0.701211662308787, 0.6993974034751944, 0.6975908288935104, 0.6958234804690939, 0.6941291140585334, 0.6925431580784835, 0.6911021627947374, 0.6898432404448479, 0.6888034948660994, 0.6880194387338702, 0.6875263969304954, 0.6873578959425393, 0.6875450414158212, 0.688115888897504, 0.6890948161022219, 0.69050190845535, 0.6923523728634186, 0.6946559973254697, 0.6974166758487307, 0.700632018949525, 0.7042930696684276, 0.7083841434619133]
mz [-2.567390744445681e-16, -1.682681771697497e-16, -1.5092094240998296e-16, -3.150691513242896e-16, -3.295974604355944e-17, -1.5092094240998158e-16, -3.885780586188002e-16, -2.0990154059319482e-16, 1.6653345369377235e-16, 8.153200337090998e-17, -1.1796119636642303e-16, -2.064320936412409e-16, -9.887923813067947e-17, -3.46944695195362e-16, 4.267419750902936e-16, 8.847089727481773e-16, -9.714451465470131e-17, 3.400058012914542e-16, 2.8449465006019843e-16, 2.2204460492503274e-16, 6.834810495348578e-16, -5.932754287840696e-16, 1.9845236565174894e-15, 1.6722734308416501e-15, 1.0616507672978195e-15, -3.5388358909927027e-16, 1.033895191682186e-15, 3.927413949611513e-15, -8.326672684688699e-17, 1.0824674490095335e-15, -1.3739009929736358e-15, 1.1379786002407926e-15, -3.8857805861880804e-16, 1.4641066137244242e-15, 1.8388068845354234e-15, 5.065392549852256e-16, 7.355227538141675e-16, 2.609024107869129e-15, -3.4763858458575344e-15, -1.9012569296705948e-15, -1.755540157688546e-15, -1.3392065234541014e-15, -7.771561172376106e-16, -5.65519853168443e-15, -3.5110803153771144e-15, -9.436895709313894e-16, 2.359223927328465e-16, -3.2369940061727323e-15, -2.9039270987851905e-15, -2.5673907444456784e-15, -7.771561172376116e-16, -2.2204460492503135e-15, -1.7208456881689918e-15, -1.2628786905111386e-15, -6.297046217795877e-16, 3.7470027081099216e-16, -1.679212324745559e-15, 4.453035162832507e-15, 2.650657471292579e-15, 1.28369537222284e-15, 5.91280496786703e-15, 2.0677903833643627e-15, 1.7555401576885611e-15, 1.6956921977673384e-15, 1.54043444666742e-15, 4.7115089607530404e-15, 3.860627095786442e-15, 6.245004513516631e-17, 2.5257573810222856e-15, 4.163336342344387e-16, 2.539635168830076e-15, 3.219646771412944e-15, 4.504209505373838e-15, 7.577272143066769e-15, 1.110223024625162e-15, 9.506284648352889e-15, 3.0878077872387166e-16, 5.537237335317992e-15, 8.036973864200658e-15, 3.8684333514283074e-15, 5.4262150328555125e-15, 1.384309333829504e-15, 5.2336607270221225e-15, 1.0810796702287651e-14, 6.74460487459785e-15, 4.267419750902972e-15, 6.869504964868282e-15, 4.947431353485905e-15, 1.1358969320696267e-14, 6.9527716917150815e-15, 5.925815393936846e-15, 6.475722735821466e-15, 8.368306048112242e-15, 1.0220990720455493e-14, 4.3853809472694236e-15, 1.2524703496552778e-14, 2.2759572004816182e-15, 6.6968999790085734e-15, 1.1657341758564393e-14, 1.1962653090336306e-14, 1.2356435319382961e-14]
mx_stag [6.268043808235773e-20, 9.31736241979727e-21, 9.147955830346488e-20, 6.45439105807781e-19, -9.656175598699055e-19, 1.2197274440461874e-19, -6.09863722023089e-19, -1.5212711732687319e-18, -1.7076184216646577e-18, -3.252606517456515e-19, 8.300922883092154e-19, 9.622294280808892e-18, 9.54097911787258e-18, 8.402566836762675e-18, 1.5815799191132262e-17, 1.3742262536253857e-17, 1.2685165418080416e-17, 6.5052130349130266e-18, 9.237741322755467e-18, 1.0299920638612358e-17, 2.6562953225894693e-18, 4.553649124439131e-18, -1.7435326186282712e-17, -2.5316120727536652e-17, -1.8431436932253813e-17, -4.781331580661097e-17, -4.9873299934333635e-17, -2.1250362580716004e-17, -3.903127820947827e-17, 1.5178830414797147e-18, -1.3010426069826096e-17, 1.0191500421363805e-17, 8.239936510889903e-18, 2.038300084272747e-17, -7.806255641895664e-18, -5.637851296924601e-18, 8.45677694538695e-18, 2.797241605012613e-17, 1.0668549377257404e-16, 6.09321620936858e-17, 1.1275702593849357e-16, 8.098990228466756e-17, 2.731105272490989e-16, 2.5934115965853444e-16, 2.1236810053560163e-16, 2.422107653332633e-16, 2.7625471354930737e-16, 2.61021673025886e-16, 2.542996195564764e-16, 2.862293735361736e-16, 2.4366766200253973e-16, 3.1105760328609127e-16, 2.823262457152252e-16, 2.232914374233937e-16, 1.0104764247565009e-16, 1.7607443281164678e-16, 1.331400267812207e-16, 1.4945726947712824e-16, 7.068998164605536e-17, 1.2418858259463677e-16, 1.6154612370034243e-16, 1.5829351718288431e-16, 1.062518129035814e-16, 1.552577510999251e-16, 1.8756697583999414e-16, 2.1120258320017772e-16, 2.0426368929627207e-16, 1.3476633003995091e-16, 2.2334564753201875e-16, 9.448821933211285e-17, -1.1573858191282898e-16, -1.2620113287731232e-16, -1.118354540918812e-16, -1.6675029412827226e-16, -2.0599841277224685e-16, -2.003605614753209e-16, -2.275198258960831e-16, -2.658463726934468e-16, -2.7213474529386536e-16, -3.176170264296308e-16, -3.551846317062552e-16, -4.627916973254416e-16, -4.885957090306014e-16, -7.901665433074495e-16, -8.534432925991239e-16, -8.167837066419598e-16, -8.630249292984774e-16, -8.694217221161351e-16, -8.803450590039278e-16, -8.34835672813843e-16, -8.2963150238591815e-16, -8.557607747428146e-16, -8.036106502462678e-16, -8.224757680475154e-16, -9.025983085941939e-16, -9.339317513790307e-16, -6.162605148407735e-16, -5.68176148491038e-16, 1.7184604433895612e-17, 1.3400738851921108e-16, 2.7077949257825833e-16]
mz_stag [-9.020562075079419e-17, -6.418476861114164e-17, -1.3183898417423798e-16, -7.632783294298e-17, 1.5612511283791313e-17, 1.7694179454963358e-16, 1.30104260698259e-17, 8.023096076392777e-17, -3.122502256758231e-17, -1.474514954580287e-17, 1.630640067418201e-16, 3.8163916471489916e-17, -5.724587470723548e-17, 1.2143064331837671e-17, 3.9898639947466477e-17, 2.0383000842727616e-17, 2.3852447794681125e-17, -3.469446951953614e-18, 1.8214596497756607e-17, -1.2576745200831933e-17, -4.3368086899419906e-17, -2.081668171172174e-17, 4.336808689942066e-17, -3.2092384305571085e-17, -3.9464959078472867e-17, 2.775557561562904e-17, -8.673617379884111e-18, 1.3877787807814534e-17, -3.2092384305571024e-17, -2.584737979205457e-16, -1.500535806719943e-16, -1.1188966420050475e-16, -2.7408630920433784e-16, -2.9923979960599903e-16, -1.8908485888147276e-16, -1.700029006457264e-16, -2.8102520310824324e-16, -3.3133218391157154e-16, -1.7347234759768138e-16, -2.8102520310824487e-16, -3.391384395534691e-16, -3.4087316302944417e-16, -2.983724378680112e-16, -2.0729945537922988e-16, -2.697495005143979e-16, -2.1857515797307915e-16, -1.3010426069826093e-16, -1.0842021724855078e-16, 7.37257477290147e-18, 3.816391647148982e-17, 1.2143064331837682e-17, 7.979727989493314e-17, 1.3010426069826048e-16, 2.376571162088269e-16, 1.4528309111305915e-16, 1.674008154317627e-16, 3.3827107781547936e-16, 2.88397777881147e-16, 2.524022657546271e-16, 3.356689926015129e-16, 2.545706700996e-16, 2.749536709423251e-16, 7.979727989493459e-17, 1.873501354054962e-16, 9.540979117872534e-17, -9.801187639269028e-17, 1.0278236595162735e-16, 4.250072516143263e-17, 1.439820485060781e-16, 7.806255641895726e-17, -2.428612866367559e-16, -4.215378046623628e-16, -4.2240516640035795e-16, -4.172009959724263e-16, -5.672545766444187e-16, -5.655198531684382e-16, -5.956606735635361e-16, -7.129713486264708e-16, -7.409437646766039e-16, -8.660606953814271e-16, -7.441963711940585e-16, -7.630614889953046e-16, -9.76432476540463e-16, -8.708311849403724e-16, -6.899862625697775e-16, -4.766152750246307e-16, -3.998537612126614e-16, -3.5561831257524915e-16, -3.161533534967768e-16, -2.185751579730789e-16, 1.2143064331837798e-17, 1.4224732503009917e-16, 1.8041124150159062e-16, 2.5413698923060584e-16, 3.764349942869719e-16, 4.666406150377697e-16, 5.84168130535202e-16, 5.568462357885642e-16, 5.360295540768448e-16, 5.68121938382416e-16, 5.941427905220643e-16]
loschmidt_echo [0.9999999999999982, 0.9968094788015341, 0.9873505983834796, 0.9719535886265545, 0.9511436631130172, 0.9256062503497923, 0.8961437817276309, 0.8636284330545937, 0.8289552109084231, 0.7929992034349093, 0.756579843584805, 0.7204338707693096, 0.6851975275914705, 0.6513975497218023, 0.6194497925223019, 0.5896639158898845, 0.5622523953716585, 0.5373421873146021, 0.5149875808066462, 0.4951830544848178, 0.4778752688952005, 0.4629736272950414, 0.45035910656984973, 0.4398912840301243, 0.4314136620122924, 0.42475752170683734, 0.4197446235376212, 0.4161891168668983, 0.41389902940475487, 0.41267767879551825, 0.4123252884917382, 0.41264100225556133, 0.41342538462189116, 0.4144833801891542, 0.4156275974255304, 0.4166816986403782, 0.4174836308386749, 0.41788843099417955, 0.4177703842711881, 0.41702439582290973, 0.4155665385952448, 0.4133338390558231, 0.41028343882356333, 0.40639130826828906, 0.40165068438246154, 0.39607036718642236, 0.38967295292209014, 0.3824930278428824, 0.3745753099767933, 0.3659727164175618, 0.35674434954662015, 0.34695342841810123, 0.3366652290600568, 0.3259451283286156, 0.3148568629869849, 0.3034611165849304, 0.29181453294643456, 0.279969229836976, 0.2679728530924777, 0.25586917334794873, 0.24369918784647016, 0.23150265245176227, 0.21931993778275188, 0.2071940810422524, 0.19517289199448562, 0.1833109654778244, 0.17167145037592263, 0.16032742374212042, 0.14936271967575454, 0.13887207042059738, 0.12896043927391795, 0.11974146771320832, 0.11133502465103569, 0.10386392902231258, 0.09745000620507692, 0.09220971793108323, 0.08824965816391178, 0.0856622223657898, 0.08452173138387345, 0.08488123034243045, 0.08677010235403305, 0.09019255604190285, 0.09512698324849932, 0.10152615057720764, 0.10931818648776262, 0.11840834401156594, 0.12868153911035263, 0.14000566599741032, 0.1522356590799888, 0.165218204130544, 0.17879691010555393, 0.19281765951514768, 0.20713378471434116, 0.22161069033514147, 0.23612956720531048, 0.2505899155700782, 0.2649106991764033, 0.27903006604751374, 0.29290367865560113, 0.3065017861058352, 0.31980524397623245]
time: calculate dynamics 11.867101192474365
time: plot 0.525871992111206
