N= 14
Hc= 1.0
field_i= 2.0
field_f= 0.0
tau=infty
Nsteps= 101
field_steps: h(t)= [2.0, 1.98, 1.96, 1.94, 1.92, 1.9, 1.88, 1.8599999999999999, 1.84, 1.82, 1.8, 1.78, 1.76, 1.74, 1.72, 1.7, 1.68, 1.66, 1.6400000000000001, 1.62, 1.6, 1.58, 1.56, 1.54, 1.52, 1.5, 1.48, 1.46, 1.44, 1.42, 1.4, 1.38, 1.3599999999999999, 1.3399999999999999, 1.3199999999999998, 1.3, 1.28, 1.26, 1.24, 1.22, 1.2, 1.1800000000000002, 1.1600000000000001, 1.1400000000000001, 1.12, 1.1, 1.08, 1.06, 1.04, 1.02, 1.0, 0.98, 0.96, 0.94, 0.9199999999999999, 0.8999999999999999, 0.8799999999999999, 0.8600000000000001, 0.8400000000000001, 0.8200000000000001, 0.8, 0.78, 0.76, 0.74, 0.72, 0.7, 0.6799999999999999, 0.6599999999999999, 0.6399999999999999, 0.6200000000000001, 0.6000000000000001, 0.5800000000000001, 0.56, 0.54, 0.52, 0.5, 0.48, 0.45999999999999996, 0.43999999999999995, 0.41999999999999993, 0.3999999999999999, 0.3799999999999999, 0.3600000000000001, 0.3400000000000001, 0.32000000000000006, 0.30000000000000004, 0.28, 0.26, 0.24, 0.21999999999999997, 0.19999999999999996, 0.17999999999999994, 0.15999999999999992, 0.1399999999999999, 0.1200000000000001, 0.10000000000000009, 0.08000000000000007, 0.06000000000000005, 0.040000000000000036, 0.020000000000000018, 0.0]
small -h_z\sigma^z: hz= 0.0
site1 [0, 1, 2, 3, 4, 5, 6, 7, 8, 9, 10, 11, 12, 13]
site2 [1, 2, 3, 4, 5, 6, 7, 8, 9, 10, 11, 12, 13, 0]
Jzz [1. 1. 1. 1. 1. 1. 1. 1. 1. 1. 1. 1. 1. 1.]
Jx [1. 1. 1. 1. 1. 1. 1. 1. 1. 1. 1. 1. 1. 1.]
time: prepare interaction 0.002537965774536133
time: prepare Hamiltonian 1.3927149772644043
energy(t=0) -29.779260132501214 -27.77922682530395
time: prepare intial state 0.1720290184020996
ene0 [-29.77926013250115, -29.77906114557933, -29.778446434774395, -29.77738797606362, -29.775855756664185, -29.773817607694532, -29.771239019568196, -29.768082937901013, -29.764309537363346, -29.759875970487148, -29.754736087937527, -29.748840126156534, -29.7421343575638, -29.734560697622488, -29.72605626201937, -29.716552865917503, -29.7059764556649, -29.694246461417084, -29.681275056770733, -29.666966308602017, -29.651215196736214, -29.63390647868024, -29.61491336924608, -29.59409599825397, -29.57129960137457, -29.546352389272943, -29.519063028259747, -29.48921765140852, -29.4565763024265, -29.42086869565383, -29.381789155120135, -29.338990575349747, -29.29207723008054, -29.240596248766682, -29.184027596097568, -29.121772446057022, -29.053139970511186, -28.97733281167697, -28.893431950406082, -28.80038241830199, -28.696982455638125, -28.58188041185422, -28.453585971112272, -28.310504986061968, -28.151009651354858, -27.973556435084696, -27.77686052272949, -27.560124240452833, -27.323295870531204, -27.067307061052475, -26.79421281114156, -26.507156565370995, -26.210119997581664, -25.907488000360782, -25.60353188540759, -25.301945634399612, -25.00554216649592, -24.71614879630735, -24.43467379783455, -24.161278949551978, -23.895590337458803, -23.63689810507131, -23.384319234898662, -23.13691604045046, -22.893774046566595, -22.65404757490007, -22.416982033155715, -22.181920691432342, -21.94830192379966, -21.71565116000223, -21.483570383016325, -21.251726962677047, -21.019842884730334, -20.78768494588869, -20.555056170821373, -20.32178851244566, -20.087736782695153, -19.852773699349434, -19.61678590663234, -19.379670820422596, -19.141334154701415, -18.90168799869879, -18.660649330458604, -18.41813886985319, -18.17408019093608, -17.928399029033482, -17.68102273165274, -17.431879813930383, -17.180899588953537, -16.9280118509824, -16.67314659559272, -16.416233765273503, -16.15720301232261, -15.89598347321322, -15.632503550198253, -15.366690696948488, -15.09847120566427, -14.82776999347628, -14.554510386135034, -14.278613897082924, -13.999999999999998]
ene [-29.77926013250115, -29.51787875102473, -29.256899755612352, -28.99633669008648, -28.736203735299544, -28.476515749001084, -28.217288308960487, -27.9585377596898, -27.700281263156075, -27.442536853928175, -27.18532349926444, -26.928661164722232, -26.672570885957292, -26.4170748474823, -26.16219646927733, -25.90796050228791, -25.654393134018243, -25.401522105634434, -25.149376842237622, -24.89798859826337, -24.647390620321666, -24.397618330220325, -24.148709531434008, -23.900704642908774, -23.653646964846015, -23.407582982021662, -23.162562711283698, -22.91864010117701, -22.67587349317401, -22.434326155782294, -22.194066904836767, -21.95517082553265, -21.717720114102, -21.481805059251176, -21.247525185123266, -21.01499057786881, -20.784323415622282, -20.555659714746668, -20.32915129043893, -20.1049679025136, -19.883299510878587, -19.66435849166567, -19.44838155542471, -19.235630957424206, -19.026394401471176, -18.820982840392503, -18.61972523588189, -18.422959377513394, -18.231018234766253, -18.044212159360544, -17.862808540761026, -17.687011915338083, -17.516948402956128, -17.352658033150366, -17.194096831410853, -17.041148038725378, -16.893639619657158, -16.751364179576747, -16.614097747988225, -16.481615106485464, -16.35370074381938, -16.230155605964818, -16.110800408619493, -15.99547646449783, -15.884044906661796, -15.776385006202267, -15.672392081315055, -15.571975320998433, -15.47505571464805, -15.381564186999212, -15.291439978284881, -15.204629273390596, -15.12108406369254, -15.040761215529656, -14.963621715891525, -14.889630066250593, -14.818753797804485, -14.750963084648811, -14.68623043492727, -14.624530443426343, -14.565839592198444, -14.510136088523668, -14.457399731825085, -14.407611803054433, -14.360754971602217, -14.316813215998064, -14.2757717556099, -14.237616991266341, -14.202336453267467, -14.169918755643513, -14.140353555809089, -14.113631518971049, -14.089744286796979, -14.068684449954857, -14.050445524221093, -14.035021929902088, -14.022408974371967, -14.012602837555114, -14.005600560224106, -14.001400035003481, -13.999999999999998]
mz0mz1 [0.2586742117235799, 0.261487263580072, 0.2643651769052362, 0.26731036501139716, 0.2703253730392409, 0.27341288813035725, 0.2765757506742496, 0.27981696677739265, 0.2831397221265941, 0.28654739744828295, 0.2900435858004492, 0.2936321119759124, 0.29731705434590566, 0.30110276953336207, 0.3049939203778985, 0.3089955077419021, 0.31311290681237136, 0.31735190867994806, 0.32171876812921846, 0.3262202587577837, 0.33086373676167286, 0.3356572149873954, 0.3406094491630122, 0.34573003858795753, 0.3510295439884984, 0.3565196257334074, 0.3622132061460127, 0.36812466022455115, 0.3742700396497276, 0.3806673354354865, 0.38733678482206135, 0.3943012277745005, 0.4015865173319698, 0.40922198540637994, 0.4172409604409414, 0.425681324067704, 0.4345860782728432, 0.44400386938034025, 0.45398937616300183, 0.46460341160245305, 0.47591250669566354, 0.4879876391414089, 0.500901648329862, 0.5147247699948295, 0.5295176942715005, 0.5453217144596679, 0.5621460486968963, 0.5799534240233086, 0.5986464854300645, 0.6180591192746031, 0.6379574478843221, 0.658053949342618, 0.6780344511149622, 0.6975928130701841, 0.7164645719739917, 0.7344509744474759, 0.7514287074488464, 0.7673458893689924, 0.7822087134110497, 0.7960642538945717, 0.8089838820042691, 0.8210498062045611, 0.8323455183592149, 0.8429498332801776, 0.8529337332475211, 0.8623591598887048, 0.8712790248963307, 0.8797378990219363, 0.8877730146042232, 0.8954153548031597, 0.902690700344896, 0.9096205688344372, 0.9162230214254072, 0.922513334651633, 0.928504547439955, 0.9342078988703955, 0.9396331738682012, 0.9447889734506882, 0.9496829244934188, 0.9543218418750083, 0.9587118536837592, 0.9628584981279479, 0.9667667989845414, 0.9704413248863492, 0.973886236484049, 0.9771053245078188, 0.9801020409616719, 0.9828795250784335, 0.9854406252104716, 0.9877879174988311, 0.9899237219245868, 0.9918501161771146, 0.9935689476561412, 0.9950818438425411, 0.9963902212165002, 0.9974952928612602, 0.9983980748620025, 0.9990993915869535, 0.999599879919927, 0.9998999924987472, 1.0]
mx0mx1 [0.930993400271386, 0.9294406166107939, 0.9278328015124078, 0.9261672096487016, 0.9244409131184417, 0.9226507856865234, 0.9207934852863673, 0.9188654345454291, 0.9168627990542688, 0.9147814630520493, 0.9126170021441993, 0.9103646525994175, 0.908019276690666, 0.9055753234451924, 0.903026784047964, 0.9003671409967156, 0.8975893099289695, 0.8946855728250076, 0.8916475010270679, 0.8884658661933343, 0.8851305369131408, 0.8816303582320002, 0.8779530107543649, 0.8740848452888342, 0.8700106881540822, 0.8657136112540861, 0.8611746598425247, 0.8563725295250413, 0.8512831825138004, 0.8458793915173879, 0.8401301980656315, 0.834000270816674, 0.8274491489849252, 0.8204303573471848, 0.8128903838018868, 0.8047675205455569, 0.7959905892918772, 0.786477605142241, 0.776134490616432, 0.7648540413313214, 0.752515479659961, 0.7389851218296724, 0.7241189251802582, 0.7077679439475358, 0.6897879136482562, 0.6700541230277499, 0.6484821302993429, 0.6250534112712941, 0.5998425562503361, 0.5730396187842293, 0.5449590602706117, 0.5160275040015109, 0.4867476175288704, 0.4576437767958132, 0.4292026863176378, 0.40182429057730845, 0.3757937303711334, 0.35127675062516994, 0.32833360474898465, 0.30694310457342344, 0.2870289892445516, 0.26848339505775276, 0.2511850440516082, 0.2350118342054332, 0.21984862258762958, 0.20559137288329324, 0.19214880187603134, 0.1794424466756555, 0.16740582721684333, 0.15598316171972812, 0.14512792619779832, 0.1348014309921847, 0.12497150825819087, 0.1156113538731376, 0.10669853650916492, 0.09821416894741712, 0.09014222740339695, 0.08246900051790389, 0.07518264866572733, 0.06827285501055272, 0.06173055144653737, 0.05554770469189381, 0.04971715002034665, 0.04423246224738477, 0.03908785552879444, 0.03427810523168776, 0.029798486589516063, 0.025644726059443342, 0.021812962282168814, 0.01829971432636348, 0.015101855510380485, 0.012216591560942385, 0.009641442218555568, 0.007374225656443115, 0.005413045264728438, 0.003756278482619742, 0.0024025674511361033, 0.0013508113240249336, 0.0006001601161056751, 0.00015001000181292073, 1.0159732646881272e-17]
mx [0.934207898870395, 0.9327942662663674, 0.9313333556464666, 0.9298229594965733, 0.928260733361242, 0.9266441847810555, 0.9249706610760258, 0.9232373358220549, 0.921441193842537, 0.9195790145075428, 0.9176473530975449, 0.9156425199462067, 0.9135605570257553, 0.9113972115769804, 0.9091479063117431, 0.9068077056261032, 0.9043712771532766, 0.9018328478534925, 0.8991861536772027, 0.8964243816426093, 0.893540102931172, 0.89052519531631, 0.8873707528915669, 0.8840669806436627, 0.8806030709119843, 0.8769670581787584, 0.8731456479362703, 0.8691240145808856, 0.8648855624046542, 0.8604116428413217, 0.8556812202718319, 0.8506704780895258, 0.8453523566940343, 0.8396960161813348, 0.8336662196401566, 0.8272226396110407, 0.8203191026675493, 0.8129028085840079, 0.8049135958615738, 0.7962833805667014, 0.7869359772106728, 0.7767876237098027, 0.7657486748033636, 0.753727078790512, 0.7406343546983517, 0.7263947297374765, 0.710957708606175, 0.6943134394330903, 0.6765087526610819, 0.6576599782574314, 0.6379574478843236, 0.6176571883776546, 0.597058488641865, 0.5764710220492211, 0.5561795670632754, 0.5364154282905337, 0.5173407236504304, 0.49904665518362457, 0.481562564645709, 0.46487069267957104, 0.4489219996213932, 0.43365002922169577, 0.41898149920963185, 0.4048435133759995, 0.39116792075361984, 0.3778935477306486, 0.3649669887359708, 0.3523425037544738, 0.3399814185478774, 0.3278512925984988, 0.31592502064956635, 0.3041799642498185, 0.29259716374195177, 0.28116065217020864, 0.26985687523792723, 0.25867421172357924, 0.24760258387643952, 0.23663314539427913, 0.22575803441873, 0.21497017979187308, 0.20426315011174176, 0.19363103660384062, 0.18306836230982004, 0.17257001148015216, 0.16213117429140705, 0.15174730306871406, 0.14141407707818957, 0.13112737367258318, 0.12088324414310503, 0.11067789307138585, 0.10050766030887677, 0.09036900495692494, 0.08025849089773489, 0.07017277355062816, 0.06010858761311592, 0.050062735603242814, 0.040032077057006905, 0.03001351825924742, 0.020004002402001907, 0.01000050007501564, 8.165231078727116e-18]
mz [3.330669073875458e-16, -2.664535259100372e-15, -1.3322676295501873e-15, 3.2335245592207747e-15, -1.1241008124329704e-15, -9.298117831235694e-15, -2.900457651833227e-15, 5.828670879282072e-16, 2.234323837058131e-15, 2.2204460492503106e-16, 1.249000902703301e-16, 6.938893903907222e-16, 6.661338147750919e-16, 3.663735981263019e-15, -4.3021142204224816e-16, 5.412337245047628e-16, 1.9290125052862067e-15, -1.6375789613221023e-15, 5.453970608471063e-15, 1.1102230246251595e-16, -2.2204460492503175e-16, 7.216449660063521e-16, 1.0824674490095257e-15, 2.05391259555654e-15, 6.120104423246162e-15, -1.1518563880486001e-15, -3.1780134079895086e-15, -5.7870375158586435e-15, 1.5820678100908418e-15, -1.304512053934559e-15, 3.5110803153770587e-15, 6.161737786669617e-15, -1.1518563880486035e-15, -2.969846590872303e-15, -9.992007221626433e-16, 1.9262369477246444e-14, -4.718447854656918e-16, 1.4988010832439584e-15, -3.2474023470285876e-15, 4.968248035197567e-15, -3.6082248300317627e-16, -1.3072876114961184e-14, -8.604228440844982e-16, -8.348877145181137e-14, 2.600697435184439e-14, 9.436895709313813e-15, -1.1690648449302951e-13, 1.25149890450871e-13, -3.0531133177191933e-16, 5.212497100615111e-14, 1.897371149084392e-13, -2.316480340880381e-13, 2.0683454948766603e-13, -2.381428387820958e-13, 1.195987753277444e-12, -4.596878433460468e-13, -1.6366352717511745e-12, -1.0578204978628496e-12, -7.540079671741741e-13, 8.909539772616881e-14, -1.1890488593735416e-13, -3.15358850144776e-13, 2.2317148129502657e-12, 1.6703305405485528e-13, -8.926748229498594e-13, -1.0223488722260764e-12, -7.431277815328489e-13, 1.5329015834453262e-11, 7.597256157509964e-13, -7.479294961143549e-12, 4.992273261450462e-11, 2.086891770503034e-11, 9.159006886250133e-12, 4.240297002411351e-11, -8.512329729981638e-11, -2.1684307682789863e-09, -4.937936726179266e-10, 5.866150953881537e-09, 3.979008067478424e-09, -1.2817594041703074e-08, 2.8789135964046817e-08, 4.3640870361905e-09, -7.703293897209911e-08, -3.616617727519867e-09, -1.342241745527775e-08, 3.5301288769939844e-07, -1.6771724201669675e-06, 5.600510103953565e-06, 2.7390211751576787e-05, -1.0870464511869556e-05, 1.810375167110581e-06, -1.3446903913305577e-05, 7.673916741107727e-05, 0.01846598786005131, 0.2715048157734122, 0.6083576187759981, 0.5133637355182528, -0.6370128071827773, -0.4657184377034653, 0.6988214648389209, 0.6899849014074166]
mx_stag [-2.1684043449710012e-19, -1.5829351718288343e-17, 1.084202172485504e-17, 1.7347234759768106e-18, -8.890457814381132e-18, 7.589415207398537e-18, -8.023096076392748e-18, 7.37257477290143e-18, -2.1684043449710123e-18, -3.686287386450711e-18, -6.505213034913027e-19, -2.168404344971007e-19, 7.155734338404308e-18, -1.951563910473909e-18, 1.1926223897340549e-17, -2.602085213965206e-18, -4.336808689942012e-18, 1.1492543028346321e-17, -2.1684043449710015e-18, 4.336808689942029e-19, -1.7347234759768106e-18, 8.673617379884041e-19, -1.0842021724855025e-18, -5.421010862427524e-18, -8.673617379884016e-19, 1.3010426069826057e-18, -2.3852447794681082e-18, 6.505213034913043e-19, 2.1684043449710004e-18, 4.336808689942018e-18, 8.239936510889837e-18, -1.0842021724855041e-17, 0.0, -9.107298248878265e-18, -3.903127820947825e-18, -9.97465998686663e-18, -4.336808689942021e-19, -1.431146867680863e-17, 1.1275702593849263e-17, -8.67361737988402e-18, 5.2041704279304274e-18, -1.0408340855860815e-17, -2.255140518769854e-17, -1.0408340855860792e-17, -1.3444106938820306e-17, 1.7780915628762242e-17, -1.3877787807814518e-17, -9.671083378570718e-17, 3.989863994746673e-17, -3.1225022567582534e-17, -4.336808689942017e-18, -7.806255641895604e-18, 1.2143064331837613e-17, -3.5561831257524496e-17, -3.382710778154757e-17, 5.984795992119994e-17, -4.5102810375396984e-17, 8.67361737988404e-19, 7.19910242530374e-17, 1.734723475976807e-18, 5.4643789493269374e-17, 1.9081958235744897e-17, -1.3877787807814503e-17, 5.3776427755281174e-17, 6.938893903907247e-18, -1.6479873021779683e-17, -4.076600168545499e-17, 3.903127820947824e-17, 6.0715321659188395e-18, 2.6888213877640605e-17, -8.673617379884032e-18, 6.938893903907242e-18, -4.3368086899420085e-18, -1.2229800505636485e-16, -4.2500725161431885e-17, 3.38271077815476e-17, 1.691355389077389e-17, -1.1275702593849234e-17, -5.507747036226371e-17, 3.035766082959426e-17, 6.0715321659188156e-18, -1.7780915628762226e-17, 1.3010426069826042e-18, -3.1658703436576736e-17, -5.334274688628692e-17, -4.7704895589362e-18, 9.714451465470155e-17, -8.673617379884026e-19, 1.2143064331837668e-17, -5.421010862427515e-18, 6.201636426617095e-17, -3.447762908503897e-17, 2.168404344971007e-17, 2.1684043449710008e-18, -1.951563910473903e-18, 4.336808689942008e-19, 4.22838847269346e-18, 9.432558900623889e-18, -1.1709383462843432e-17, 2.439454888092384e-18, -4.492695317480292e-17]
mz_stag [0.0, -1.5612511283791244e-16, -3.469446951953613e-17, 6.938893903907242e-18, 1.7347234759768064e-16, 2.428612866367532e-17, -3.469446951953621e-17, 6.938893903907228e-18, -5.551115123125791e-17, -7.632783294297943e-17, 4.163336342344337e-17, 6.938893903907222e-18, 3.469446951953604e-17, 2.775557561562893e-17, 2.0816681711721685e-17, 2.0816681711721648e-17, -3.8163916471489707e-17, -6.591949208711852e-17, 4.5102810375396837e-17, 3.4694469519536234e-18, 1.0061396160665501e-16, -3.4694469519536165e-18, 1.3877787807814432e-17, 3.469446951953615e-18, 1.040834085586082e-17, 4.857225732735061e-17, -1.0408340855860836e-17, 3.469446951953623e-17, -1.0408340855860801e-17, 2.7755575615628914e-17, 3.4694469519536154e-17, -2.4286128663675293e-17, 1.7347234759768123e-17, -1.38777878078145e-17, -7.63278329429797e-17, 1.0408340855860832e-17, 7.632783294297956e-17, 1.0408340855860823e-17, 4.163336342344343e-17, -3.9898639947466495e-17, -8.673617379884045e-18, 6.93889390390721e-18, -1.3877787807814488e-17, 0.0, -2.4286128663675392e-17, -3.295974604355928e-17, 0.0, 9.194034422677095e-17, -4.85722573273508e-17, 6.93889390390723e-18, -1.2143064331837647e-17, -1.734723475976801e-18, 1.5612511283791215e-17, 1.734723475976805e-17, -1.2143064331837591e-17, -1.040834085586086e-17, 5.204170427930421e-18, -5.2041704279304236e-18, -2.602085213965207e-18, -1.3010426069826053e-17, -8.673617379884028e-19, -1.7347234759768086e-18, 2.6020852139652193e-17, -2.6020852139652183e-18, -1.214306433183768e-17, -6.938893903907236e-18, -1.7347234759768082e-18, 7.806255641895649e-18, -7.80625564189565e-18, -8.673617379884066e-18, -6.0715321659188225e-18, 1.5178830414797093e-17, 6.505213034913012e-18, -1.3010426069826047e-17, 8.239936510889855e-18, -2.9923979960599805e-17, 6.505213034913035e-18, -3.686287386450711e-18, 8.89045781438115e-18, 8.673617379884074e-19, 6.505213034913017e-19, 5.4210108624275075e-18, 4.119968255444913e-18, -2.6020852139652114e-18, -9.75781955236956e-19, 1.7347234759768002e-18, 1.0408340855860881e-17, -4.119968255444912e-18, 4.336808689942024e-19, -5.746271514173166e-18, -4.770489558936227e-18, -8.131516293641265e-19, -5.421010862427517e-19, -4.1199682554449014e-18, -3.5236570605778803e-19, -3.1170812458958185e-19, -5.421010862427514e-20, 1.4230153513872246e-19, 4.0826988057657223e-19, -1.651714247145885e-20, -4.65396923458714e-32]
loschmidt_echo [1.000000000000007, 0.9999700693379899, 0.999877382632318, 0.999717356272714, 0.9994850625169441, 0.9991751995117462, 0.998782058169571, 0.9982994854969252, 0.9977208439064454, 0.9970389659695665, 0.9962461039768087, 0.9953338735654733, 0.994293190546119, 0.9931141999047113, 0.9917861957712306, 0.9902975309208154, 0.9886355141011243, 0.9867862931495943, 0.9847347214633053, 0.9824642048970593, 0.9799565255738081, 0.9771916383739497, 0.9741474350025796, 0.9707994694893863, 0.9671206377285374, 0.9630808021922406, 0.9586463512396848, 0.9537796805047467, 0.9484385817382245, 0.9425755223441141, 0.9361367969682763, 0.9290615313961562, 0.9212805196146454, 0.9127148787443059, 0.9032745161937096, 0.8928564228659853, 0.881342841773953, 0.8685994221848783, 0.8544735682795428, 0.8387933447714304, 0.8213675279898199, 0.8019877021730233, 0.7804336882573727, 0.7564839952539316, 0.7299332413779525, 0.7006182889865583, 0.6684536934271802, 0.6334744630590564, 0.5958799098272156, 0.5560674156272444, 0.5146416972025072, 0.47238709391971473, 0.4301996741235669, 0.38899031178315085, 0.34958222354729646, 0.3126291938940723, 0.27857197699317493, 0.2476356688190038, 0.2198584013205713, 0.19513638275314157, 0.1732717071486887, 0.15401415342814315, 0.13709318411035792, 0.12223988636209314, 0.10920043012046822, 0.09774319124778495, 0.08766156029069207, 0.0787740487851476, 0.07092285532466211, 0.06397166915840137, 0.05780319913434121, 0.052316713783909286, 0.04742574561219886, 0.04305602974306394, 0.039143697874660675, 0.035633721117352336, 0.03247858146366137, 0.029637145920958, 0.027073716234478407, 0.024757228480525636, 0.02266057931972809, 0.020760058617045735, 0.019034871045571757, 0.01746673198576056, 0.01603952542055256, 0.014739013587410511, 0.013552589893665312, 0.01246906806198886, 0.011478501683201083, 0.010572029368993057, 0.009741741466618884, 0.008980565080645887, 0.008282164563118977, 0.007640200618211659, 0.006918599896669149, 0.005836091861155968, 0.0004269998152744709, 0.0006367336517145824, 0.004833396789043343, 0.0006746232794646599, 0.000604660482679849]
kink density of the final state: N tau KinkDens 14 inf 0.0
time: calculate dynamics 13.896446943283081
time: plot 0.9225389957427979
