../dat_N10/dat_N10_tau_inf 10
../dat_N12/dat_N12_tau_inf 12
../dat_N14/dat_N14_tau_inf 14
../dat_N16/dat_N16_tau_inf 16
h [2.   1.98 1.96 1.94 1.92 1.9  1.88 1.86 1.84 1.82 1.8  1.78 1.76 1.74
 1.72 1.7  1.68 1.66 1.64 1.62 1.6  1.58 1.56 1.54 1.52 1.5  1.48 1.46
 1.44 1.42 1.4  1.38 1.36 1.34 1.32 1.3  1.28 1.26 1.24 1.22 1.2  1.18
 1.16 1.14 1.12 1.1  1.08 1.06 1.04 1.02 1.   0.98 0.96 0.94 0.92 0.9
 0.88 0.86 0.84 0.82 0.8  0.78 0.76 0.74 0.72 0.7  0.68 0.66 0.64 0.62
 0.6  0.58 0.56 0.54 0.52 0.5  0.48 0.46 0.44 0.42 0.4  0.38 0.36 0.34
 0.32 0.3  0.28 0.26 0.24 0.22 0.2  0.18 0.16 0.14 0.12 0.1  0.08 0.06
 0.04 0.02 0.  ]
N mx 10 [ 9.34075657e-01  9.32648927e-01  9.31173504e-01  9.29647014e-01
  9.28066930e-01  9.26430549e-01  9.24734988e-01  9.22977157e-01
  9.21153746e-01  9.19261204e-01  9.17295713e-01  9.15253165e-01
  9.13129134e-01  9.10918837e-01  9.08617107e-01  9.06218344e-01
  9.03716473e-01  9.01104893e-01  8.98376414e-01  8.95523197e-01
  8.92536675e-01  8.89407469e-01  8.86125299e-01  8.82678871e-01
  8.79055761e-01  8.75242281e-01  8.71223330e-01  8.66982229e-01
  8.62500541e-01  8.57757873e-01  8.52731667e-01  8.47396983e-01
  8.41726276e-01  8.35689185e-01  8.29252349e-01  8.22379268e-01
  8.15030258e-01  8.07162527e-01  7.98730456e-01  7.89686139e-01
  7.79980296e-01  7.69563647e-01  7.58388863e-01  7.46413168e-01
  7.33601638e-01  7.19931134e-01  7.05394682e-01  6.90005922e-01
  6.73803069e-01  6.56851660e-01  6.39245322e-01  6.21103933e-01
  6.02568882e-01  5.83795679e-01  5.64944694e-01  5.46171282e-01
  5.27616661e-01  5.09400768e-01  4.91617803e-01  4.74334675e-01
  4.57591986e-01  4.41406908e-01  4.25777196e-01  4.10685609e-01
  3.96104202e-01  3.81998149e-01  3.68328899e-01  3.55056646e-01
  3.42142129e-01  3.29547886e-01  3.17239028e-01  3.05183674e-01
  2.93353119e-01  2.81721810e-01  2.70267208e-01  2.58969568e-01
  2.47811680e-01  2.36778587e-01  2.25857312e-01  2.15036587e-01
  2.04306606e-01  1.93658801e-01  1.83085642e-01  1.72580459e-01
  1.62137290e-01  1.51750756e-01  1.41415948e-01  1.31128341e-01
  1.20883718e-01  1.10678111e-01  1.00507753e-01  9.03690411e-02
  8.02585035e-02  7.01727773e-02  6.01085886e-02  5.00627358e-02
  4.00320771e-02  3.00135183e-02  2.00040024e-02  1.00005001e-02
 -1.46735433e-17]
N mz0mz1 10 [0.25896957 0.26180868 0.26471518 0.26769175 0.27074122 0.27386661
 0.27707112 0.28035816 0.28373136 0.28719459 0.290752   0.29440803
 0.29816743 0.3020353  0.30601714 0.31011885 0.31434684 0.31870799
 0.32320978 0.32786031 0.33266838 0.33764357 0.34279631 0.34813799
 0.35368104 0.35943907 0.36542695 0.37166098 0.37815901 0.38494058
 0.39202704 0.39944171 0.40720999 0.41535943 0.42391973 0.4329227
 0.4424021  0.45239321 0.46293232 0.47405577 0.4857987  0.49819328
 0.51126648 0.52503716 0.53951278 0.55468559 0.57052889 0.58699346
 0.60400515 0.62146392 0.63924532 0.65720452 0.67518299 0.69301727
 0.71054869 0.72763274 0.74414683 0.75999531 0.77511161 0.78945748
 0.80301998 0.81580713 0.82784292 0.83916249 0.84980774 0.8598238
 0.86925627 0.87814931 0.88654431 0.89447919 0.90198804 0.9091011
 0.91584487 0.9222424  0.92831361 0.93407566 0.93954324 0.94472899
 0.94964374 0.95429681 0.95869625 0.96284902 0.96676121 0.97043813
 0.97388448 0.97710439 0.98010157 0.9828793  0.98544052 0.98778787
 0.98992371 0.99185011 0.99356895 0.99508184 0.99639022 0.99749529
 0.99839807 0.99909939 0.99959988 0.99989999 1.        ]
N enedens 10 [-2.12712088 -2.10845356 -2.08981525 -2.07120696 -2.05262973 -2.03408466
 -2.0155729  -1.99709567 -1.97865425 -1.96024998 -1.94188429 -1.92355867
 -1.9052747  -1.88703408 -1.86883856 -1.85069004 -1.83259051 -1.81454211
 -1.7965471  -1.77860789 -1.76072706 -1.74290737 -1.72515178 -1.70746345
 -1.6898458  -1.67230249 -1.65483748 -1.63745504 -1.62015979 -1.60295676
 -1.58585137 -1.56884955 -1.55195773 -1.53518294 -1.51853283 -1.50201575
 -1.48564083 -1.469418   -1.45335809 -1.43747286 -1.42177505 -1.40627839
 -1.39099756 -1.37594817 -1.36114661 -1.34660984 -1.33235514 -1.31839974
 -1.30476034 -1.29145261 -1.27849064 -1.26588637 -1.25364911 -1.24178521
 -1.2302978  -1.2191869  -1.20844949 -1.19807997 -1.18807057 -1.17841192
 -1.16909357 -1.16010452 -1.15143359 -1.14306984 -1.13500276 -1.1272225
 -1.11971992 -1.1124867  -1.10551527 -1.09879888 -1.09233146 -1.08610763
 -1.08012261 -1.07437218 -1.06885256 -1.06356044 -1.05849285 -1.05364714
 -1.04902096 -1.04461218 -1.04041889 -1.03643937 -1.03267204 -1.02911549
 -1.02576841 -1.02262962 -1.01969804 -1.01697267 -1.01445262 -1.01213706
 -1.01002526 -1.00811654 -1.00641031 -1.00490603 -1.00360325 -1.00250157
 -1.00160064 -1.0009002  -1.00040004 -1.0001     -1.        ]
N mx 12 [ 9.34183107e-01  9.32766571e-01  9.31302390e-01  9.29788308e-01
  9.28221924e-01  9.26600680e-01  9.24921852e-01  9.23182528e-01
  9.21379597e-01  9.19509728e-01  9.17569351e-01  9.15554630e-01
  9.13461443e-01  9.11285347e-01  9.09021548e-01  9.06664862e-01
  9.04209672e-01  9.01649881e-01  8.98978854e-01  8.96189356e-01
  8.93273477e-01  8.90222550e-01  8.87027055e-01  8.83676501e-01
  8.80159307e-01  8.76462645e-01  8.72572272e-01  8.68472331e-01
  8.64145123e-01  8.59570848e-01  8.54727305e-01  8.49589559e-01
  8.44129570e-01  8.38315784e-01  8.32112704e-01  8.25480455e-01
  8.18374376e-01  8.10744695e-01  8.02536366e-01  7.93689191e-01
  7.84138399e-01  7.73815890e-01  7.62652437e-01  7.50581132e-01
  7.37542341e-01  7.23490314e-01  7.08401271e-01  6.92282341e-01
  6.75180059e-01  6.57186585e-01  6.38441465e-01  6.19127144e-01
  5.99457646e-01  5.79661595e-01  5.59962543e-01  5.40560450e-01
  5.21617766e-01  5.03252082e-01  4.85535440e-01  4.68498900e-01
  4.52140251e-01  4.36432836e-01  4.21333956e-01  4.06791969e-01
  3.92751764e-01  3.79158626e-01  3.65960742e-01  3.53110634e-01
  3.40565823e-01  3.28288963e-01  3.16247634e-01  3.04413950e-01
  2.92764067e-01  2.81277667e-01  2.69937445e-01  2.58728644e-01
  2.47638624e-01  2.36656501e-01  2.25772826e-01  2.14979318e-01
  2.04268645e-01  1.93634246e-01  1.83070177e-01  1.72571001e-01
  1.62131693e-01  1.51747563e-01  1.41414201e-01  1.31127430e-01
  1.20883268e-01  1.10677902e-01  1.00507664e-01  9.03690060e-02
  8.02584912e-02  7.01727736e-02  6.01085876e-02  5.00627356e-02
  4.00320771e-02  3.00135183e-02  2.00040024e-02  1.00005001e-02
 -3.11281597e-17]
N mz0mz1 12 [0.25872864 0.26154747 0.26443183 0.2673842  0.27040724 0.27350372
 0.2766766  0.27992904 0.28326435 0.2866861  0.29019806 0.29380428
 0.29750909 0.30131711 0.30523334 0.30926311 0.31341221 0.31768688
 0.32209389 0.32664056 0.33133491 0.33618565 0.34120233 0.34639542
 0.35177644 0.35735809 0.36315441 0.36918096 0.37545502 0.3819958
 0.38882473 0.39596568 0.4034453  0.4112933  0.41954271 0.42823021
 0.43739622 0.447085   0.4573444  0.4682253  0.47978053 0.49206298
 0.50512276 0.51900319 0.53373537 0.5493314  0.56577673 0.58302229
 0.60097811 0.61951001 0.63844146 0.65756186 0.67664087 0.6954471
 0.71376756 0.73142411 0.74828397 0.76426315 0.77932342 0.79346489
 0.80671651 0.81912642 0.83075353 0.8416609  0.85191104 0.86156287
 0.87067003 0.87928014 0.88743475 0.89516959 0.90251517 0.90949736
 0.91613809 0.92245586 0.92846641 0.93418311 0.93961741 0.94477917
 0.94967699 0.95431834 0.95870985 0.96285738 0.9667662  0.97044102
 0.97388608 0.97710525 0.98010201 0.98287951 0.98544062 0.98778792
 0.98992372 0.99185012 0.99356895 0.99508184 0.99639022 0.99749529
 0.99839807 0.99909939 0.99959988 0.99989999 1.        ]
N enedens 12 [-2.12709486 -2.10842528 -2.08978451 -2.07117352 -2.05259333 -2.03404501
 -2.01552969 -1.99704854 -1.97860281 -1.9601938  -1.94182289 -1.92349152
 -1.90520123 -1.88695362 -1.8687504  -1.85059338 -1.83248446 -1.81442569
 -1.79641921 -1.77846732 -1.76057247 -1.74273728 -1.72496454 -1.70725723
 -1.68961859 -1.67205206 -1.65456137 -1.63715056 -1.61982399 -1.6025864
 -1.58544295 -1.56839927 -1.55146152 -1.53463645 -1.51793148 -1.5013548
 -1.48491542 -1.46862331 -1.45248949 -1.43652612 -1.42074661 -1.40516573
 -1.38979958 -1.37466568 -1.35978279 -1.34517075 -1.3308501  -1.31684157
 -1.30316537 -1.28984032 -1.27688293 -1.26430647 -1.25212021 -1.240329
 -1.2289331  -1.21792851 -1.20730761 -1.19705994 -1.18717319 -1.17763399
 -1.16842871 -1.15954403 -1.15096734 -1.14268696 -1.13469231 -1.12697391
 -1.11952333 -1.11233316 -1.10539687 -1.09870874 -1.09226375 -1.08605745
 -1.08008596 -1.0743458  -1.06883388 -1.06354743 -1.05848394 -1.05364117
 -1.04901703 -1.04460965 -1.0404173  -1.0364384  -1.03267147 -1.02911516
 -1.02576823 -1.02262952 -1.01969799 -1.01697264 -1.0144526  -1.01213705
 -1.01002525 -1.00811654 -1.00641031 -1.00490603 -1.00360325 -1.00250157
 -1.00160064 -1.0009002  -1.00040004 -1.0001     -1.        ]
N mx 14 [9.34207899e-01 9.32794266e-01 9.31333356e-01 9.29822959e-01
 9.28260733e-01 9.26644185e-01 9.24970661e-01 9.23237336e-01
 9.21441194e-01 9.19579015e-01 9.17647353e-01 9.15642520e-01
 9.13560557e-01 9.11397212e-01 9.09147906e-01 9.06807706e-01
 9.04371277e-01 9.01832848e-01 8.99186154e-01 8.96424382e-01
 8.93540103e-01 8.90525195e-01 8.87370753e-01 8.84066981e-01
 8.80603071e-01 8.76967058e-01 8.73145648e-01 8.69124015e-01
 8.64885562e-01 8.60411643e-01 8.55681220e-01 8.50670478e-01
 8.45352357e-01 8.39696016e-01 8.33666220e-01 8.27222640e-01
 8.20319103e-01 8.12902809e-01 8.04913596e-01 7.96283381e-01
 7.86935977e-01 7.76787624e-01 7.65748675e-01 7.53727079e-01
 7.40634355e-01 7.26394730e-01 7.10957709e-01 6.94313439e-01
 6.76508753e-01 6.57659978e-01 6.37957448e-01 6.17657188e-01
 5.97058489e-01 5.76471022e-01 5.56179567e-01 5.36415428e-01
 5.17340724e-01 4.99046655e-01 4.81562565e-01 4.64870693e-01
 4.48922000e-01 4.33650029e-01 4.18981499e-01 4.04843513e-01
 3.91167921e-01 3.77893548e-01 3.64966989e-01 3.52342504e-01
 3.39981419e-01 3.27851293e-01 3.15925021e-01 3.04179964e-01
 2.92597164e-01 2.81160652e-01 2.69856875e-01 2.58674212e-01
 2.47602584e-01 2.36633145e-01 2.25758034e-01 2.14970180e-01
 2.04263150e-01 1.93631037e-01 1.83068362e-01 1.72570011e-01
 1.62131174e-01 1.51747303e-01 1.41414077e-01 1.31127374e-01
 1.20883244e-01 1.10677893e-01 1.00507660e-01 9.03690050e-02
 8.02584909e-02 7.01727736e-02 6.01085876e-02 5.00627356e-02
 4.00320771e-02 3.00135183e-02 2.00040024e-02 1.00005001e-02
 8.16523108e-18]
N mz0mz1 14 [0.25867421 0.26148726 0.26436518 0.26731037 0.27032537 0.27341289
 0.27657575 0.27981697 0.28313972 0.2865474  0.29004359 0.29363211
 0.29731705 0.30110277 0.30499392 0.30899551 0.31311291 0.31735191
 0.32171877 0.32622026 0.33086374 0.33565721 0.34060945 0.34573004
 0.35102954 0.35651963 0.36221321 0.36812466 0.37427004 0.38066734
 0.38733678 0.39430123 0.40158652 0.40922199 0.41724096 0.42568132
 0.43458608 0.44400387 0.45398938 0.46460341 0.47591251 0.48798764
 0.50090165 0.51472477 0.52951769 0.54532171 0.56214605 0.57995342
 0.59864649 0.61805912 0.63795745 0.65805395 0.67803445 0.69759281
 0.71646457 0.73445097 0.75142871 0.76734589 0.78220871 0.79606425
 0.80898388 0.82104981 0.83234552 0.84294983 0.85293373 0.86235916
 0.87127902 0.8797379  0.88777301 0.89541535 0.9026907  0.90962057
 0.91622302 0.92251333 0.92850455 0.9342079  0.93963317 0.94478897
 0.94968292 0.95432184 0.95871185 0.9628585  0.9667668  0.97044132
 0.97388624 0.97710532 0.98010204 0.98287953 0.98544063 0.98778792
 0.98992372 0.99185012 0.99356895 0.99508184 0.99639022 0.99749529
 0.99839807 0.99909939 0.99959988 0.99989999 1.        ]
N enedens 14 [-2.12709001 -2.10841991 -2.08977855 -2.07116691 -2.05258598 -2.03403684
 -2.01552059 -1.99703841 -1.97859152 -1.9601812  -1.94180882 -1.9234758
 -1.90518363 -1.88693392 -1.86872832 -1.85056861 -1.83245665 -1.81439444
 -1.79638406 -1.77842776 -1.7605279  -1.74268702 -1.72490782 -1.70719319
 -1.68954621 -1.67197021 -1.65446877 -1.63704572 -1.61970525 -1.60245187
 -1.58529049 -1.56822649 -1.55126572 -1.53441465 -1.51768037 -1.50107076
 -1.48459453 -1.46826141 -1.45208224 -1.43606914 -1.42023568 -1.40459704
 -1.38917011 -1.37397364 -1.35902817 -1.34435592 -1.32998037 -1.31592567
 -1.30221559 -1.2888723  -1.2759149  -1.26335799 -1.2512106  -1.23947557
 -1.22814977 -1.21722486 -1.20668854 -1.19652601 -1.18672127 -1.17725822
 -1.16812148 -1.15929683 -1.15077146 -1.14253403 -1.13457464 -1.12688464
 -1.11945658 -1.11228395 -1.10536112 -1.09868316 -1.09224571 -1.08604495
 -1.08007743 -1.07434009 -1.06883012 -1.063545   -1.05848241 -1.05364022
 -1.04901646 -1.04460932 -1.04041711 -1.03643829 -1.03267141 -1.02911513
 -1.02576821 -1.02262952 -1.01969798 -1.01697264 -1.0144526  -1.01213705
 -1.01002525 -1.00811654 -1.00641031 -1.00490603 -1.00360325 -1.00250157
 -1.00160064 -1.0009002  -1.00040004 -1.0001     -1.        ]
N mx 16 [9.34213678e-01 9.32800853e-01 9.31340871e-01 9.29831544e-01
 9.28270549e-01 9.26655421e-01 9.24983537e-01 9.23252106e-01
 9.21458157e-01 9.19598517e-01 9.17669800e-01 9.15668385e-01
 9.13590393e-01 9.11431666e-01 9.09187737e-01 9.06853802e-01
 9.04424682e-01 9.01894785e-01 8.99258060e-01 8.96507945e-01
 8.93637305e-01 8.90638367e-01 8.87502631e-01 8.84220778e-01
 8.80782559e-01 8.77176655e-01 8.73390524e-01 8.69410205e-01
 8.65220094e-01 8.60802660e-01 8.56138118e-01 8.51204016e-01
 8.45974748e-01 8.40420958e-01 8.34508817e-01 8.28199173e-01
 8.21446542e-01 8.14197953e-01 8.06391685e-01 7.97955972e-01
 7.88807884e-01 7.78852713e-01 7.67984462e-01 7.56088363e-01
 7.43046694e-01 7.28749457e-01 7.13111236e-01 6.96094360e-01
 6.77735756e-01 6.58170763e-01 6.37643577e-01 6.16494270e-01
 5.95119361e-01 5.73914873e-01 5.53220116e-01 5.33280026e-01
 5.14234007e-01 4.96127506e-01 4.78936000e-01 4.62591297e-01
 4.47003769e-01 4.32078208e-01 4.17723579e-01 4.03858080e-01
 3.90411039e-01 3.77322938e-01 3.64544446e-01 3.52035042e-01
 3.39761555e-01 3.27696798e-01 3.15818376e-01 3.04107684e-01
 2.92549094e-01 2.81129310e-01 2.69836859e-01 2.58661707e-01
 2.47594951e-01 2.36628602e-01 2.25755401e-01 2.14968697e-01
 2.04262341e-01 1.93630610e-01 1.83068146e-01 1.72569906e-01
 1.62131125e-01 1.51747282e-01 1.41414068e-01 1.31127370e-01
 1.20883243e-01 1.10677893e-01 1.00507660e-01 9.03690049e-02
 8.02584909e-02 7.01727735e-02 6.01085876e-02 5.00627356e-02
 4.00320771e-02 3.00135183e-02 2.00040024e-02 1.00005001e-02
 3.63009025e-18]
N mz0mz1 16 [0.25866171 0.26147315 0.26434923 0.26729234 0.27030497 0.27338977
 0.27654954 0.27978721 0.28310591 0.28650894 0.2899998  0.29358221
 0.29726012 0.30103776 0.30491961 0.30891048 0.31301553 0.31724029
 0.3215907  0.32607319 0.33069472 0.33546281 0.34038568 0.3454723
 0.3507325  0.35617713 0.36181815 0.36766888 0.37374418 0.38006072
 0.38663729 0.39349522 0.40065881 0.40815586 0.41601838 0.42428331
 0.43299342 0.44219826 0.45195511 0.46232992 0.47339784 0.48524307
 0.4979573  0.51163601 0.52637109 0.54223885 0.55928222 0.57748798
 0.59676236 0.61691247 0.63764358 0.65858068 0.6793143  0.69945916
 0.71870637 0.73685325 0.75380576 0.76955998 0.78417424 0.79774168
 0.81036876 0.82216098 0.83321493 0.8436148  0.85343179 0.86272489
 0.87154253 0.87992425 0.88790239 0.89550351 0.90274965 0.90965922
 0.91624786 0.92252896 0.92851416 0.93421368 0.93963656 0.94479091
 0.949684   0.95432242 0.95871215 0.96285865 0.96676687 0.97044136
 0.97388625 0.97710533 0.98010204 0.98287953 0.98544063 0.98778792
 0.98992372 0.99185012 0.99356895 0.99508184 0.99639022 0.99749529
 0.99839807 0.99909939 0.99959988 0.99989999 1.        ]
N enedens 16 [-2.12708906 -2.10841884 -2.08977734 -2.07116553 -2.05258442 -2.03403507
 -2.01551859 -1.99703613 -1.97858892 -1.96017824 -1.94180544 -1.92347193
 -1.90517921 -1.88692886 -1.86872252 -1.85056195 -1.832449   -1.81438563
 -1.79637392 -1.77841606 -1.7605144  -1.74267143 -1.72488978 -1.70717229
 -1.68952199 -1.67194211 -1.65443613 -1.63700778 -1.61966112 -1.60240049
 -1.58523066 -1.56815677 -1.55118446 -1.53431994 -1.51757001 -1.50094223
 -1.484445   -1.46808768 -1.4518808  -1.4358362  -1.4199673  -1.40428927
 -1.38881928 -1.37357674 -1.35858338 -1.34386325 -1.32944236 -1.31534801
 -1.30160755 -1.28824664 -1.27528715 -1.26274506 -1.25062889 -1.23893914
 -1.22766887 -1.21680528 -1.20633169 -1.19622964 -1.18648048 -1.17706655
 -1.16797178 -1.15918198 -1.15068485 -1.14246978 -1.13452774 -1.12685095
 -1.11943276 -1.11226738 -1.10534978 -1.09867553 -1.09224067 -1.08604168
 -1.08007535 -1.07433879 -1.06882933 -1.06354453 -1.05848214 -1.05364006
 -1.04901637 -1.04460927 -1.04041709 -1.03643828 -1.0326714  -1.02911513
 -1.02576821 -1.02262951 -1.01969798 -1.01697264 -1.0144526  -1.01213705
 -1.01002525 -1.00811654 -1.00641031 -1.00490603 -1.00360325 -1.00250157
 -1.00160064 -1.0009002  -1.00040004 -1.0001     -1.        ]
