N= 10
Hc= 1.0
field_i= 2.0
field_f= 0.0
tau=infty
Nsteps= 101
field_steps: h(t)= [2.0, 1.98, 1.96, 1.94, 1.92, 1.9, 1.88, 1.8599999999999999, 1.84, 1.82, 1.8, 1.78, 1.76, 1.74, 1.72, 1.7, 1.68, 1.66, 1.6400000000000001, 1.62, 1.6, 1.58, 1.56, 1.54, 1.52, 1.5, 1.48, 1.46, 1.44, 1.42, 1.4, 1.38, 1.3599999999999999, 1.3399999999999999, 1.3199999999999998, 1.3, 1.28, 1.26, 1.24, 1.22, 1.2, 1.1800000000000002, 1.1600000000000001, 1.1400000000000001, 1.12, 1.1, 1.08, 1.06, 1.04, 1.02, 1.0, 0.98, 0.96, 0.94, 0.9199999999999999, 0.8999999999999999, 0.8799999999999999, 0.8600000000000001, 0.8400000000000001, 0.8200000000000001, 0.8, 0.78, 0.76, 0.74, 0.72, 0.7, 0.6799999999999999, 0.6599999999999999, 0.6399999999999999, 0.6200000000000001, 0.6000000000000001, 0.5800000000000001, 0.56, 0.54, 0.52, 0.5, 0.48, 0.45999999999999996, 0.43999999999999995, 0.41999999999999993, 0.3999999999999999, 0.3799999999999999, 0.3600000000000001, 0.3400000000000001, 0.32000000000000006, 0.30000000000000004, 0.28, 0.26, 0.24, 0.21999999999999997, 0.19999999999999996, 0.17999999999999994, 0.15999999999999992, 0.1399999999999999, 0.1200000000000001, 0.10000000000000009, 0.08000000000000007, 0.06000000000000005, 0.040000000000000036, 0.020000000000000018, 0.0]
small -h_z\sigma^z: hz= 0.0
site1 [0, 1, 2, 3, 4, 5, 6, 7, 8, 9]
site2 [1, 2, 3, 4, 5, 6, 7, 8, 9, 0]
Jzz [1. 1. 1. 1. 1. 1. 1. 1. 1. 1.]
Jx [1. 1. 1. 1. 1. 1. 1. 1. 1. 1.]
time: prepare interaction 0.002384185791015625
time: prepare Hamiltonian 0.5251741409301758
energy(t=0) -21.271208818695897 -19.27056736533456
time: prepare intial state 0.019986867904663086
ene0 [-21.271208818695936, -21.271065353155915, -21.27062189524266, -21.269857778837252, -21.268750804318294, -21.267277100550526, -21.265410971629795, -21.26312472637338, -21.260388488242093, -21.25716998302908, -21.25343430124154, -21.24914363162685, -21.24425696174278, -21.23872974083253, -21.232513499524487, -21.225555420022648, -21.217797849471193, -21.20917774805376, -21.19962606211273, -21.18906701114096, -21.17741727590872, -21.164585073259385, -21.150469101275363, -21.13495733665485, -21.117925664374585, -21.099236318245367, -21.07873611011182, -21.056254425679885, -21.03160096697976, -21.004563226305006, -20.97490368555441, -20.942356750245395, -20.90662545178122, -20.867377988406563, -20.82424422918963, -20.7768123817116, -20.724626128819978, -20.667182678252914, -20.60393234425203, -20.534280489819757, -20.45759288841629, -20.373205782589405, -20.28044206500435, -20.178634990362298, -20.067160514673432, -19.945478600575985, -19.81318249560291, -19.67005305731376, -19.516112844594137, -19.351672396998822, -19.177359664498997, -18.994123837302933, -18.80320752050356, -18.60608625245727, -18.404380743059193, -18.199753072738794, -17.993801509509723, -17.787968422511764, -17.583472183636225, -17.381268336930987, -17.18203954584338, -16.98620943412908, -16.793973134838367, -16.60533705143276, -16.420161411841434, -16.23820093262603, -16.059140716541982, -15.882626029222452, -15.708285702602865, -15.535749602417233, -15.36466095481444, -15.194684452002733, -15.025511037797214, -14.856860178596559, -14.688480299147148, -14.520147932864004, -14.351666017902208, -14.182861668674622, -14.01358366926624, -13.843699868843983, -13.67309460729203, -13.501666259278004, -13.329324954342951, -13.155990507344711, -12.981590576019013, -12.80605904927511, -12.629334660145481, -12.45135981033242, -12.272079588495847, -12.09144096138705, -11.909392115327515, -11.72588192509548, -11.540859527789776, -11.354273980495153, -11.16607398239511, -10.976207644201333, -10.784622290238593, -10.591264281090762, -10.396078847238405, -10.199009926487808, -9.999999999999998]
ene [-21.271208818695936, -21.084535567714696, -20.898152493749333, -20.7120695702714, -20.526297260677545, -20.340846551060793, -20.155728985850455, -19.970956706633345, -19.786542494509234, -19.602499816379282, -19.41884287561857, -19.235586667643375, -19.05274704095237, -18.870340764298817, -18.68838560073977, -18.50690038940964, -18.325905135980594, -18.145421112902962, -17.965470970665645, -17.786078861482263, -17.607270576992132, -17.429073701768147, -17.251517784643585, -17.07463453010421, -16.898458012234713, -16.723024913948436, -16.548374794450332, -16.37455038805832, -16.201597937599228, -16.029567565545474, -15.858513685785798, -15.688495458314538, -15.519577288022255, -15.35182936696585, -15.185328256713507, -15.02015750325052, -14.856408271075024, -14.69417997503079, -14.53358087763573, -14.374728605785823, -14.21775052364353, -14.062783878730329, -13.909975617198624, -13.759481744921906, -13.611466098373842, -13.466098390454935, -13.32355142043365, -13.183997393082164, -13.047603385836167, -12.914526132486694, -12.784906442999324, -12.658863722283717, -12.536491145836704, -12.41785205723754, -12.302978048389596, -12.19186897621614, -12.084494901587885, -11.980799671933324, -11.88070567127255, -11.784119169368608, -11.690935719640816, -11.601045157763949, -11.51433589878612, -11.430698380617596, -11.350027628101001, -11.272225001549634, -11.197199245789756, -11.124866976826041, -11.055152742461843, -10.987988779373094, -10.923314569220251, -10.861076275118187, -10.801226119960237, -10.743721751053057, -10.688525621670388, -10.635604409347975, -10.584928482626983, -10.53647142203952, -10.490209596952882, -10.446121797045121, -10.404188915338278, -10.364393678603186, -10.326720420367389, -10.291154891552237, -10.25768410382125, -10.226296200955703, -10.196980353921191, -10.169726675704904, -10.144526152453292, -10.121370587898157, -10.100252558507007, -10.08116537721839, -10.064103064013612, -10.049060321928165, -10.036032517414883, -10.025015664234305, -10.016006410267666, -10.009002026825176, -10.004000400160093, -10.001000025002515, -9.999999999999998]
mz0mz1 [0.2589695682344022, 0.2618086809033523, 0.26471518205760947, 0.26769174933090123, 0.2707412213299518, 0.27386661107557675, 0.2770711208640804, 0.2803581587230072, 0.2837313566581291, 0.2871945909142408, 0.2907520045011767, 0.2944080322686164, 0.29816742884893643, 0.3020352998265511, 0.30601713653479395, 0.3101188549269254, 0.31434683901549826, 0.31870798942255457, 0.3232097776295562, 0.32786030655688553, 0.33266837813257627, 0.33764356852058525, 0.34279631165854635, 0.3481379916869453, 0.3536810447125111, 0.35943907010576304, 0.36542695114138, 0.3716609841896324, 0.3781590147763576, 0.38494057754100586, 0.3920270352992382, 0.3994417098855537, 0.40720999400344626, 0.4153594287071079, 0.4239197251318687, 0.4329227014679933, 0.44240209684173337, 0.45239321290039386, 0.46293232215775565, 0.4740557710245561, 0.48579869764843914, 0.4981932846347762, 0.5112664808324052, 0.5250371628873008, 0.5395127750356178, 0.554685591141809, 0.5705288853930601, 0.5869934622778443, 0.6040051472181704, 0.6214639204116924, 0.6392453221499655, 0.6572045180402495, 0.6751829876913449, 0.6930172676570986, 0.7105486864041411, 0.7276327442697608, 0.7441468281077878, 0.7599953070619756, 0.7751116127836767, 0.7894574832587973, 0.8030199835505768, 0.8158071276153446, 0.8278429205721842, 0.8391624875535679, 0.8498077374747002, 0.8598237961739277, 0.8692562730553758, 0.8781493115197959, 0.886544311416018, 0.8944791887860514, 0.9019880403965611, 0.9091010963432947, 0.9158448651912535, 0.9222423976482168, 0.9283136140394773, 0.9340756568175962, 0.9395432418855859, 0.9447289919797868, 0.949643742271066, 0.9542968132389729, 0.9586962492349843, 0.9628490233753528, 0.9667612108031294, 0.9704381331691131, 0.9738844775783587, 0.9771043933605221, 0.9801015699419561, 0.9828792988921478, 0.9854405229356578, 0.9877878743983796, 0.9899237052193621, 0.9918501103252526, 0.9935689458467861, 0.9950818433648929, 0.9963902211139554, 0.997495292844657, 0.9983980748602215, 0.999099391586851, 0.9995998799199317, 0.99989999249875, 1.0]
mx0mx1 [0.9308013027007551, 0.9292293819216063, 0.9276003473883098, 0.925911209927389, 0.9241587675957107, 0.9223395860642387, 0.9204499767791143, 0.9184859726069161, 0.9164433006282948, 0.9143173516950964, 0.9121031463096053, 0.909795296319733, 0.907387961849718, 0.9048748028011055, 0.9022489241623537, 0.8995028142563871, 0.8966282749330269, 0.8936163425772828, 0.8904571986554596, 0.8871400683608006, 0.8836531057527864, 0.879983263616012, 0.8761161461071794, 0.8720358421298972, 0.8677247373039487, 0.8631633024188997, 0.8583298564406242, 0.8532003025584259, 0.8477478365400213, 0.8419426279685636, 0.8357514769978551, 0.8291374523831521, 0.8220595211212368, 0.8144721865615496, 0.8063251609231579, 0.7975631104241822, 0.7881255273245175, 0.7779468035064118, 0.7669566046291117, 0.755080671165456, 0.7422421996607641, 0.7283639783653578, 0.713371456061296, 0.69719689694664, 0.6797846995162058, 0.6610978146813125, 0.6411249761290788, 0.6198881614324927, 0.5974493762678373, 0.573915579493923, 0.5494404627442234, 0.5242219855643863, 0.4984951097051502, 0.47252001843683905, 0.44656705089017673, 0.4209003381357462, 0.3957624341539981, 0.37136198035138324, 0.3478657240140761, 0.32539528313175586, 0.3040282003300822, 0.28380226064028424, 0.2647218265870882, 0.24676501545923765, 0.22989079329070405, 0.2140453717229062, 0.1991675836133781, 0.18519313782805114, 0.17205780274522267, 0.15969965078765885, 0.1480605298303847, 0.13708692900468408, 0.12673039039306408, 0.11694759435914304, 0.1077002210001962, 0.09895466684095762, 0.09068167590914401, 0.08285592811711161, 0.0754556151884681, 0.0684620247172074, 0.06185914576496851, 0.05563330415633325, 0.04977283186552902, 0.04426777223016625, 0.039109620889777784, 0.0342911011097514, 0.029805971351231336, 0.025648862464294132, 0.02181514162709109, 0.01830080006332285, 0.01510236159727635, 0.012216809215036553, 0.009641526966755149, 0.007374254748932619, 0.005413053733394715, 0.003756280450552686, 0.002402567781078841, 0.0013508113570277489, 0.0006001601148451276, 0.00015001000181415482, -1.1836926605156048e-17]
mx [0.934075656817596, 0.93264892720612, 0.9311735037333285, 0.9296470142764119, 0.9280669295509388, 0.9264305494897381, 0.9247349881494498, 0.9229771569571654, 0.9211537460830403, 0.9192612036943333, 0.917295712811489, 0.9152531654470343, 0.9131291336626708, 0.910918837128351, 0.9086171067088274, 0.9062183435376697, 0.9037164729658106, 0.9011048926914107, 0.8983764142908587, 0.8955231972786055, 0.8925366747291482, 0.8894074694026766, 0.8861252992344951, 0.8826788709892698, 0.8790557608624736, 0.875242280859387, 0.871223329934901, 0.866982229189178, 0.8625005409608092, 0.8577578725447478, 0.8527316666281014, 0.8473969825694929, 0.8417262755873378, 0.8356891850667741, 0.8292523488935472, 0.8223792683515835, 0.8150302580201323, 0.8071625274624487, 0.7987304561337237, 0.7896861389787101, 0.779980295596595, 0.7695636468120822, 0.7583888628340149, 0.7464131680744647, 0.733601638215863, 0.7199311344578948, 0.7053946820836158, 0.6900059217267659, 0.6738030686206216, 0.6568516596440948, 0.6392453221499671, 0.6211039328450222, 0.6025688821795059, 0.5837956787943143, 0.5649446939508893, 0.5461712815020593, 0.5276166614215922, 0.5094007675946003, 0.4916178027899731, 0.4743346752171504, 0.4575919855168807, 0.4414069078987817, 0.42577719645582657, 0.410685608794854, 0.39610420185472167, 0.38199814854433795, 0.3683288992994112, 0.35505664570122475, 0.3421421294221343, 0.3295478857278358, 0.3172390275424413, 0.30518367442848915, 0.29335311929423386, 0.2817218101057196, 0.2702672079376185, 0.2589695682344019, 0.24781167995231748, 0.23677858744383767, 0.2258573123277785, 0.2150365868227126, 0.20430660574710943, 0.19365880127622337, 0.18308564231558272, 0.1725804587826793, 0.162137290011771, 0.15175075578349428, 0.14141594803629604, 0.13112834107054708, 0.12088371795696334, 0.11067811087016227, 0.10050775315669493, 0.09036904109214758, 0.0802585034660956, 0.0701727773423114, 0.060108588562777794, 0.05006273578773795, 0.04003207708181869, 0.030013518261112603, 0.02000400240195443, 0.010000500075015604, -1.4673543299934518e-17]
mz [-8.049116928532371e-16, -1.0408340855860843e-15, 4.74620343027254e-15, 5.273559366969492e-16, 5.412337245047631e-16, -6.522560269672788e-16, 1.8041124150158786e-16, 4.0245584642661856e-16, -9.992007221626409e-16, -2.539635168830049e-15, -6.66133814775093e-16, 9.298117831235649e-16, -3.053113317719179e-16, -3.649858193455204e-15, -1.387778780781442e-16, -1.5265566588595917e-16, -6.522560269672789e-16, 3.205768983605131e-15, -4.163336342344341e-16, 6.383782391594647e-16, -4.163336342344334e-15, 2.0677903833643517e-15, 4.0245584642661915e-16, 6.106226635438354e-16, 9.714451465470128e-16, 3.0531133177191785e-16, -2.775557561562892e-15, 5.023759186428856e-15, 3.4139358007223603e-15, -1.2739809207573674e-14, 5.551115123125789e-17, -7.216449660063527e-16, -1.0269562977782704e-15, -6.106226635438375e-16, -5.939693181744596e-15, -5.551115123125758e-16, -1.271205363195802e-14, 8.326672684688687e-16, -1.998401444325283e-15, -1.0269562977782698e-15, -3.01703106941887e-14, -2.414735078559715e-15, -1.887379141862764e-15, 3.3167912860676583e-14, -3.219646771412954e-15, -1.4876988529977117e-14, 8.465450562766819e-15, 4.513056595101265e-14, 7.605027718682311e-15, 8.021361352916743e-14, -1.8374191057546316e-14, 3.2196467714129495e-14, 5.578870698741404e-14, 2.786104680296827e-13, -7.549516567451085e-14, -1.467159727042141e-13, 4.3298697960381086e-14, -1.1368683772161618e-13, 5.369038547087253e-13, -1.398881011027696e-13, 9.192646643896289e-14, -4.257150187925156e-13, -1.771915947301752e-13, -5.58053603327834e-13, -8.995026945513025e-13, 1.3321010960964935e-12, 3.510525203864741e-13, -2.1871393585115564e-12, 1.95859994889247e-12, -4.715505763641654e-12, -8.858080935425505e-12, -2.0696222513549795e-12, -5.311695527865377e-12, -2.8552327169251144e-11, 7.383094136059757e-12, -4.647676687952181e-11, 1.095407098361534e-11, 1.575929942099205e-10, 2.878851046439479e-10, 2.0514440146612845e-10, -1.784826730855112e-10, 2.520189612553733e-11, 6.151058551395759e-10, 1.1095727669996352e-09, -1.3328765313680441e-09, 6.986090039795572e-10, -8.868741852019468e-10, -5.483790532778693e-09, 4.644802875652946e-09, 8.868927980909547e-09, 3.2396557780867125e-07, 2.024070951955892e-07, -2.0509531625245722e-06, 7.65121577056548e-06, 5.145792826843911e-07, -0.000236769086677857, 0.0004419793274476617, -0.022005576064399585, -0.20313555844891104, 0.9651183015827132, 0.12910384912595804]
mx_stag [-2.602085213965206e-18, -7.37257477290143e-18, -2.385244779468108e-18, 1.7347234759768063e-18, -3.4694469519536096e-18, -8.673617379884026e-19, 3.6862873864507135e-18, 7.372574772901418e-18, -4.336808689942018e-19, -4.336808689942024e-19, 4.770489558936213e-18, -1.2793585635328901e-17, -2.168404344971008e-19, -4.33680868994202e-18, -2.6020852139652037e-18, 1.1275702593849257e-17, -8.673617379884028e-19, 6.50521303491301e-18, 1.821459649775649e-17, -4.336808689942016e-19, 0.0, 5.204170427930416e-18, 1.2576745200831848e-17, 8.673617379884026e-19, 9.107298248878245e-18, -3.0357660829594105e-18, -2.1684043449710093e-18, -2.2551405187698594e-17, -7.806255641895641e-18, -6.505213034913028e-18, -3.079134169858836e-17, 9.540979117872451e-18, 1.3010426069826063e-18, 1.2576745200831879e-17, -8.239936510889846e-18, -1.3010426069825996e-17, 1.2143064331837628e-17, -8.239936510889846e-18, 1.1275702593849254e-17, -1.9949319973733282e-17, -2.1684043449710138e-17, -6.938893903907227e-18, 1.7347234759768052e-17, -8.673617379884045e-19, -1.1275702593849246e-17, 1.7347234759768094e-18, 1.734723475976807e-18, 2.6020852139652126e-18, 0.0, -4.770489558936212e-17, 6.938893903907219e-18, 1.9081958235744853e-17, 2.9490299091605684e-17, -7.546047120499101e-17, 7.28583859910261e-17, -8.673617379884016e-19, 9.540979117872434e-18, -2.5153490401663734e-17, -3.989863994746654e-17, 9.540979117872431e-18, 3.382710778154771e-17, 1.9081958235744847e-17, -1.7347234759768096e-17, 4.770489558936212e-17, 2.775557561562894e-17, 4.163336342344335e-17, -2.602085213965208e-18, -1.7347234759768056e-18, -6.331740687315346e-17, -8.673617379884026e-18, 5.984795992119984e-17, -3.4694469519536043e-17, 2.0816681711721722e-17, 7.806255641895629e-18, 3.469446951953616e-17, -3.9898639947466526e-17, 5.811323644522305e-17, 1.647987302177964e-17, -1.474514954580286e-17, 1.908195823574487e-17, 1.9949319973733238e-17, 6.071532165918818e-18, -1.0061396160665497e-16, 1.7347234759768098e-18, 8.67361737988404e-19, 1.6046192152785503e-17, -4.380176776841438e-17, 2.949029909160569e-17, 1.7347234759768083e-17, -1.3010426069826053e-17, 2.81892564846231e-17, -1.0842021724855044e-17, 9.540979117872442e-18, -1.3227266504323139e-17, 7.806255641895635e-18, -5.42101086242752e-18, -8.02309607639274e-18, 1.626303258728258e-18, 2.3310346708438357e-18, 1.1460016963171797e-16, -3.669020481165196e-18]
mz_stag [3.469446951953608e-18, 0.0, 6.938893903907222e-18, 2.0816681711721676e-17, -1.3877787807814438e-17, 5.204170427930416e-17, 1.0408340855860838e-17, 4.857225732735051e-17, 2.0816681711721685e-17, -2.4286128663675333e-17, -1.0408340855860829e-17, 3.81639164714896e-17, 3.1225022567582515e-17, -8.326672684688678e-17, -6.93889390390721e-18, 2.0816681711721704e-17, 1.3877787807814444e-17, 4.163336342344326e-17, 6.591949208711873e-17, 2.0816681711721676e-17, 3.469446951953612e-18, -6.938893903907221e-17, 1.3877787807814454e-17, 6.938893903907221e-18, -5.898059818321149e-17, -3.469446951953612e-18, 5.551115123125784e-17, 3.816391647148993e-17, 5.551115123125789e-17, -1.422473250300982e-16, -3.469446951953618e-17, 6.938893903907238e-18, -1.7347234759768083e-17, -4.857225732735071e-17, 3.816391647148981e-17, -3.4694469519535988e-18, 1.1449174941446907e-16, 3.4694469519536196e-18, 1.7347234759768083e-17, 3.122502256758253e-17, -1.0408340855860866e-17, 4.510281037539697e-17, -2.0816681711721664e-17, 1.0408340855860853e-17, -1.0408340855860843e-17, -2.775557561562895e-17, 1.3877787807814457e-17, -2.08166817117217e-17, 3.8163916471489694e-17, 1.7347234759768044e-18, -7.979727989493302e-17, 8.673617379884025e-18, -2.0816681711721657e-17, 1.3877787807814438e-17, 3.295974604355942e-17, -2.081668171172164e-17, 5.204170427930419e-18, -6.591949208711876e-17, -3.469446951953612e-18, 2.0816681711721667e-17, -2.0816681711721667e-17, 2.775557561562887e-17, -1.0408340855860856e-17, 1.7347234759768043e-17, 8.673617379884043e-19, -5.204170427930419e-18, -2.688821387764048e-17, -6.0715321659188194e-18, -3.2959746043559335e-17, 3.4694469519536103e-18, 1.734723475976807e-18, 3.469446951953604e-18, -1.73472347597681e-18, 8.673617379884032e-19, 6.938893903907231e-18, 6.938893903907222e-18, -1.387778780781446e-17, -8.23993651088982e-18, 4.336808689942018e-18, 0.0, 2.602085213965205e-18, 2.602085213965208e-18, 7.15573433840434e-18, -2.1684043449710123e-18, 3.469446951953616e-18, -4.553649124439129e-18, 9.324138683375338e-18, -2.385244779468107e-18, -9.757819552369548e-19, -3.2526065174565133e-18, 3.6862873864507135e-18, 1.4094628242311558e-18, 2.8731357570865875e-18, -8.673617379884026e-19, 1.6263032587282574e-19, 4.878909776184768e-19, 2.8460307027744515e-19, -1.694065894508602e-19, 2.0328790734103217e-20, -1.4967072177983506e-18, 2.058639317219628e-31]
loschmidt_echo [1.0000000000000036, 0.9999781332790485, 0.9999103477552459, 0.9997931708017815, 0.9996228508906561, 0.9993953310076152, 0.9991062190419353, 0.9987507547510645, 0.9983237728412404, 0.9978196616371613, 0.9972323167352456, 0.9965550889444209, 0.995780725714085, 0.9949013051290836, 0.993908161414406, 0.9927918007360141, 0.99154180590721, 0.9901467284110994, 0.988593965928772, 0.9868696233211368, 0.984958354753517, 0.9828431843835834, 0.9805053027680534, 0.977923835903232, 0.9750755836326188, 0.9719347240827979, 0.9684724809030297, 0.9646567504958197, 0.9604516872949387, 0.955817246698923, 0.9507086878131269, 0.9450760421133428, 0.938863560075257, 0.9320091564273043, 0.9244438868473607, 0.9160915056241736, 0.9068681760412696, 0.896682433785649, 0.885435538638604, 0.8730223897702918, 0.8593332213249384, 0.8442563298639343, 0.8276821002466729, 0.8095085715381913, 0.789648693200732, 0.7680392357937849, 0.7446510192761134, 0.7194997101294824, 0.692655965871381, 0.6642532832344862, 0.6344917008723139, 0.6036356974465961, 0.5720053199577072, 0.5399607226054283, 0.5078816369761058, 0.4761444291309074, 0.44509994227653327, 0.4150550855401851, 0.3862602096966136, 0.358903043209354, 0.33310874956451586, 0.3089448119703919, 0.28642906963957054, 0.26553926594291877, 0.24622277397289138, 0.2284055786975244, 0.21199999543262404, 0.19691092507485503, 0.18304066701717847, 0.170292439476072, 0.158572815471093, 0.14779329420697707, 0.13787121179280648, 0.1287301663849173, 0.120300100172269, 0.11251714939024421, 0.10532334628326706, 0.09866623448070758, 0.09249844150500801, 0.08677723854542951, 0.08146410749761604, 0.07652432788289754, 0.07192659099471926, 0.06764264495032894, 0.06364697183662853, 0.05991649650689713, 0.05643032556508657, 0.053169514484347036, 0.0501168605126784, 0.04725671892419331, 0.0445748402100313, 0.04205822591937265, 0.0396950010238705, 0.03747430086456642, 0.03538617093656525, 0.03342147747392546, 0.03157182921744346, 0.02982589518897144, 0.00029396381577080215, 0.01680433828012183, 0.00010535685387280433]
kink density of the final state: N tau KinkDens 10 inf 0.0
time: calculate dynamics 1.22127103805542
time: plot 0.9336628913879395
