N= 12
Hc= 1.0
field_i= 2.0
field_f= 0.0
tau=infty
Nsteps= 101
field_steps: h(t)= [2.0, 1.98, 1.96, 1.94, 1.92, 1.9, 1.88, 1.8599999999999999, 1.84, 1.82, 1.8, 1.78, 1.76, 1.74, 1.72, 1.7, 1.68, 1.66, 1.6400000000000001, 1.62, 1.6, 1.58, 1.56, 1.54, 1.52, 1.5, 1.48, 1.46, 1.44, 1.42, 1.4, 1.38, 1.3599999999999999, 1.3399999999999999, 1.3199999999999998, 1.3, 1.28, 1.26, 1.24, 1.22, 1.2, 1.1800000000000002, 1.1600000000000001, 1.1400000000000001, 1.12, 1.1, 1.08, 1.06, 1.04, 1.02, 1.0, 0.98, 0.96, 0.94, 0.9199999999999999, 0.8999999999999999, 0.8799999999999999, 0.8600000000000001, 0.8400000000000001, 0.8200000000000001, 0.8, 0.78, 0.76, 0.74, 0.72, 0.7, 0.6799999999999999, 0.6599999999999999, 0.6399999999999999, 0.6200000000000001, 0.6000000000000001, 0.5800000000000001, 0.56, 0.54, 0.52, 0.5, 0.48, 0.45999999999999996, 0.43999999999999995, 0.41999999999999993, 0.3999999999999999, 0.3799999999999999, 0.3600000000000001, 0.3400000000000001, 0.32000000000000006, 0.30000000000000004, 0.28, 0.26, 0.24, 0.21999999999999997, 0.19999999999999996, 0.17999999999999994, 0.15999999999999992, 0.1399999999999999, 0.1200000000000001, 0.10000000000000009, 0.08000000000000007, 0.06000000000000005, 0.040000000000000036, 0.020000000000000018, 0.0]
small -h_z\sigma^z: hz= 0.0
site1 [0, 1, 2, 3, 4, 5, 6, 7, 8, 9, 10, 11]
site2 [1, 2, 3, 4, 5, 6, 7, 8, 9, 10, 11, 0]
Jzz [1. 1. 1. 1. 1. 1. 1. 1. 1. 1. 1. 1.]
Jx [1. 1. 1. 1. 1. 1. 1. 1. 1. 1. 1. 1.]
time: prepare interaction 0.0024793148040771484
time: prepare Hamiltonian 0.9043979644775391
energy(t=0) -25.525138302048077 -23.52499336447428
time: prepare intial state 0.05811905860900879
ene0 [-25.52513830204808, -25.524967386492634, -25.524439306416593, -25.523529835614752, -25.522213001824543, -25.52046093545954, -25.51824370210133, -25.515529116592045, -25.512282536226373, -25.508466630133846, -25.504041121458844, -25.498962498372585, -25.493183689266452, -25.486653696661797, -25.47931718339802, -25.47111400349705, -25.461978668712145, -25.451839740106255, -25.440619132019073, -25.428231313414347, -25.414582388783305, -25.39956903744889, -25.383077286196702, -25.364981085596213, -25.345140655130262, -25.32340055634047, -25.29958744672748, -25.273507460383065, -25.244943154810883, -25.21364995806409, -25.179352047816284, -25.141737596923264, -25.100453332595432, -25.055098384874437, -25.005217454221768, -24.950293421429848, -24.889739674811867, -24.822892664661705, -24.74900554324765, -24.667244240693545, -24.576687983194244, -24.476337067488682, -24.365131580091536, -24.241985478471953, -24.105840627499713, -23.955744371969303, -23.79095123176994, -23.611043675149002, -23.41605873775137, -23.206598105690958, -22.98389272662114, -22.74979383336521, -22.506674001249902, -22.257243509284038, -22.004311738573353, -21.750540087987275, -21.498234071293652, -21.24920781322641, -21.004731587138036, -20.76555225025431, -20.53196410875757, -20.303905087711577, -20.081057284977962, -19.862938077206092, -19.648974836566467, -19.438561472156184, -19.23109813866813, -19.026016926001514, -18.82279671510822, -18.62097015148237, -18.420125194640942, -18.219903155102138, -18.019994632283925, -17.82013435627892, -17.620095618289014, -17.419684737874235, -17.218735844444964, -17.01710613021373, -16.814671649066067, -16.611323680237046, -16.406965639582012, -16.201510498966844, -15.994878661800453, -15.786996237070527, -15.577793653305788, -15.367204556138192, -15.155164937442203, -14.941612449540257, -14.726485864057446, -14.50972464121459, -14.291268581327227, -14.071057535794745, -13.849031159759283, -13.625128692812542, -13.399288757590549, -13.171449168850998, -12.941546747715538, -12.709517137265507, -12.475294616687213, -12.238811911785351, -12.0]
ene [-25.52513830204808, -25.301103409464496, -25.077414159194223, -24.854082253961984, -24.63111995517503, -24.408540118895086, -24.18635623486635, -23.964582468934054, -23.74323370923322, -23.52232561657994, -23.301874679558253, -23.081898274866916, -22.862414733573075, -22.643443414016517, -22.42500478222152, -22.2071205008061, -21.989813527533517, -21.773108224834374, -21.557030481841373, -21.34160785073085, -21.126869699459856, -20.9128473833331, -20.69957443823568, -20.48708679883514, -20.27542304559369, -20.064624685045146, -19.854736468481143, -19.645806754951035, -19.437887925291143, -19.231036854722653, -19.025315452324808, -18.820791276279717, -18.617538234008578, -18.415637375870737, -18.215177789525168, -18.01625759867757, -17.818985063793047, -17.62347977210325, -17.42987388812397, -17.238313411768704, -17.048959356652862, -16.861988714358844, -16.67759501080693, -16.49598819148851, -16.317393502641963, -16.142048984859013, -15.970201195776845, -15.80209887147496, -15.637984463435098, -15.478083867091339, -15.322595151080769, -15.171677586153073, -15.02544257585233, -14.883948026322896, -14.747197186018731, -14.615142146895275, -14.48769129548572, -14.364719336054542, -14.246078262584234, -14.131607827693548, -14.021144494312797, -13.914528366146731, -13.811608026912252, -13.712243507232198, -13.61630774079183, -13.523686903200284, -13.434279991760976, -13.347997938601, -13.264762477614713, -13.184504920582192, -13.107164944918752, -13.032689455501618, -12.961031554394163, -12.892149632779798, -12.826006586768461, -12.76256915102403, -12.701807339865413, -12.643693983494478, -12.588204346495283, -12.535315816160628, -12.485007649154054, -12.43726076624319, -12.392057586172617, -12.349381891073454, -12.30921871705929, -12.271554264799711, -12.236375825868613, -12.203671721531821, -12.17343125136946, -12.14564464972888, -12.120303048491532, -12.097398445019213, -12.076923674443192, -12.058872385684948, -12.043239020762398, -12.030018797059165, -12.019207692318826, -12.010802432190086, -12.004800480192127, -12.00120003000299, -12.0]
mz0mz1 [0.2587286437139, 0.2615474736399575, 0.2644318287748499, 0.2673842039324259, 0.2704072362989162, 0.2735037170142039, 0.2766766040154245, 0.27992903631364296, 0.2832643499009908, 0.28668609551680563, 0.2901980585377452, 0.2938042812994762, 0.2975090882073614, 0.3013171140517598, 0.3052333360114424, 0.30926310990755995, 0.31341221136214126, 0.31768688262067696, 0.32209388591932114, 0.32664056441457523, 0.3313349118471714, 0.3361856522811415, 0.3412023314402452, 0.34639542135001744, 0.3517764401717699, 0.3573580892632631, 0.36315440958423295, 0.36918095952821006, 0.3754550160200328, 0.38199580014286294, 0.38882472745928054, 0.3959656812910414, 0.4034453041259605, 0.41129329747597704, 0.41954271317127534, 0.4282302082733735, 0.43739622035033743, 0.44708499850594097, 0.4573443972172001, 0.4682253044755656, 0.47978053473673304, 0.49206297653262676, 0.5051227568162362, 0.5190031916200578, 0.5337353695534316, 0.5493314037547956, 0.5657767265617892, 0.583022291426595, 0.6009781110771522, 0.6195100056443797, 0.638441464628366, 0.6575618640202803, 0.6766408742391637, 0.6954471032955021, 0.7137675596103364, 0.7314241071668177, 0.7482839738268615, 0.7642631544396448, 0.7793234189635423, 0.7934648877244745, 0.8067165070569096, 0.8191264182977049, 0.8307535293844931, 0.8416609019399388, 0.8519110416182176, 0.8615628702494379, 0.8706700283603315, 0.8792801434105086, 0.8874347461740288, 0.8951695861863117, 0.9025151650626763, 0.9094973639110319, 0.9161380853419758, 0.9224558626238007, 0.9284664105870843, 0.9341831073950538, 0.9396174053945854, 0.9447791746261173, 0.9496769854381146, 0.9543183379019876, 0.9587098459622563, 0.9628573838929526, 0.9667662019358284, 0.9704410171457281, 0.9738860845764246, 0.9771052530763706, 0.9801020091692527, 0.9828795117903828, 0.9854406200456957, 0.9877879156549869, 0.9899237213295193, 0.991850116007114, 0.9935689476143542, 0.9950818438340561, 0.9963902212151563, 0.9974952928611076, 0.9983980748619958, 0.9990993915869519, 0.99959987991993, 0.9998999924987498, 1.0]
mx0mx1 [0.9309569896605855, 0.9293999196004574, 0.9277872741397546, 0.9261162342803668, 0.9243837879239465, 0.9225867125484548, 0.920721555911542, 0.9187846145067041, 0.9167719094538315, 0.9146791594534863, 0.9125017503724732, 0.9102347009552142, 0.9078726240689295, 0.9054096827881358, 0.9028395405025473, 0.9001553040885699, 0.8973494590142858, 0.894413795046546, 0.8913393209915559, 0.8881161666218144, 0.8847334696170223, 0.8811792449698963, 0.8774402338763155, 0.8735017286427584, 0.8693473696082091, 0.8649589095080332, 0.8603159401356464, 0.8553955756419768, 0.8501720864515541, 0.844616477729111, 0.8386960068577924, 0.8323736358853348, 0.8256074179552839, 0.8183498222475641, 0.8105470111702399, 0.8021380982248291, 0.7930544374313573, 0.7832190283122771, 0.772546167338235, 0.7609415400759038, 0.7483030285092167, 0.7345226002921469, 0.7194897358874226, 0.7030969034585911, 0.6852475542437333, 0.6658669027286951, 0.6449152866432146, 0.6224031166057702, 0.5984053818712116, 0.5730726361294531, 0.5466348325776208, 0.5193948872175447, 0.4917107481251504, 0.4639677173911806, 0.4365457528473706, 0.4097881261726818, 0.3839773185154644, 0.3593216577958774, 0.33595309556093167, 0.3139339717992398, 0.293269350864798, 0.2739215185674282, 0.25582403380570695, 0.23889377916894858, 0.22304037601242654, 0.2081729633066958, 0.1942046859780344, 0.18105536954748203, 0.16865285741335875, 0.1569334220356774, 0.14584157502589618, 0.13532951740000956, 0.12535640034609868, 0.11588751143538814, 0.10689346015780646, 0.09834940745728626, 0.09023436383898441, 0.08253056720443076, 0.07522294291244203, 0.06829864321134115, 0.06174666008870841, 0.05555750399443927, 0.049722940293662594, 0.04423577534225904, 0.03908968450588817, 0.03427907509811701, 0.029798977982152575, 0.025644962388419217, 0.0218130692967308, 0.018299759484836222, 0.015101873035069907, 0.012216597706880298, 0.009641444120804157, 0.0073742261590865, 0.005413045372781989, 0.0037562785001498404, 0.002402567453004915, 0.001350811324115185, 0.0006001601161073184, 0.0001500100018129888, 2.979321218157706e-17]
mx [0.9341831073950534, 0.9327665709505478, 0.9313023900465998, 0.9297883078510687, 0.9282219235932307, 0.9266006804703791, 0.9249218522465094, 0.9231825283678466, 0.9213795973922702, 0.9195097284971734, 0.9175693507919126, 0.9155546301157863, 0.9134614429490878, 0.9112853470016952, 0.9090215479691971, 0.9066648618585973, 0.904209672181935, 0.901649881194089, 0.898978854207801, 0.8961893558516429, 0.8932734769423853, 0.8902225504197996, 0.8870270545380735, 0.8836765012248335, 0.8801593072112089, 0.8764626452158883, 0.8725722721548618, 0.8684723310851892, 0.8641451234404368, 0.8595708481812389, 0.8547273049293715, 0.8495895592262817, 0.8441295701284958, 0.8383157839651132, 0.8321127040069356, 0.8254804550895568, 0.8183743762753255, 0.8107446951079339, 0.8025363656933854, 0.7936891911244484, 0.78413839859806, 0.7738158895457147, 0.7626524374290291, 0.7505811324596358, 0.7375423413691052, 0.723490313621323, 0.7084012713761864, 0.6922823407512436, 0.6751800585343973, 0.6571865849149325, 0.6384414646283649, 0.6191271443800765, 0.5994576462658299, 0.5796615945724177, 0.5599625426353882, 0.5405604500827282, 0.5216177660571375, 0.5032520816646107, 0.4855354399823141, 0.46849889989835863, 0.4521402510031107, 0.43643283617246315, 0.4213339555151678, 0.40679196891361735, 0.3927517640478277, 0.3791586262151215, 0.3659607415976736, 0.3531106335448085, 0.340565823375828, 0.32828896321860945, 0.3162476339120336, 0.3044139495070731, 0.29276406700750846, 0.2812776668663888, 0.2699374454685001, 0.25872864371390003, 0.24763862415458085, 0.236656501445847, 0.22577282599202964, 0.21497931772554996, 0.2042686453347889, 0.19363424551047548, 0.18307017660710467, 0.17257100130507505, 0.16213169326619553, 0.15174756330090586, 0.1414142011421325, 0.13112742950231931, 0.12088326764621267, 0.11067790222311379, 0.10050766355720822, 0.09036900598788997, 0.08025849118279267, 0.07017277361682754, 0.060108587625361073, 0.05006273560490401, 0.04003207705714915, 0.03001351825925253, 0.020004002402002057, 0.010000500075015614, -3.112815974426931e-17]
mz [-6.522560269672791e-16, 6.938893903907222e-17, -2.081668171172163e-16, 2.095545958979982e-15, -1.8041124150158762e-15, 1.6653345369377338e-16, 3.8719027983802216e-15, -2.6229018956769347e-15, 1.096345236817343e-15, 3.3306690738754726e-16, 1.2628786905111167e-15, -4.440892098500628e-16, 1.0824674490095243e-15, 1.0685896612017118e-15, 1.55431223447522e-15, 4.538036613155327e-15, -3.774758283725531e-15, -4.996003610813218e-16, 9.436895709313829e-16, 5.259681579161672e-15, 4.163336342344331e-17, 6.994405055138472e-15, -4.718447854656911e-16, -1.1102230246251563e-15, -9.159339953157536e-16, 2.3592239273284527e-16, 1.5529244556944377e-14, -6.800116025829082e-16, -9.13158437754195e-15, 2.7894353493707027e-15, 4.718447854656914e-16, 4.093947403305259e-15, 7.327471962526027e-15, -2.2204460492503154e-15, -6.994405055138501e-15, 2.2148949341271864e-14, -3.663735981263012e-15, -9.96425164601079e-15, -1.3572476476042502e-14, 9.769962616701392e-15, 8.00470800754739e-14, 1.731947918415242e-14, 1.2517764602648629e-14, 5.3429483060085766e-14, 5.898059818321163e-14, -7.827072323607347e-15, 6.300515664747776e-14, 2.5035529205297252e-14, -8.04911692853239e-15, 7.371880883511043e-14, 2.087219286295292e-14, -7.682743330406083e-14, 7.205347429817287e-14, 3.3861802251067274e-14, -6.245004513516504e-14, 8.992806499463788e-13, 5.162537064506971e-14, -3.541611448554243e-14, 1.210143096841421e-13, 1.678102101720926e-13, -7.574496585505127e-13, 3.1613600626201247e-13, -1.5829004773593155e-12, 2.1843638009499955e-13, -3.766431611040842e-13, -2.017219724592679e-12, 1.2766454560164681e-12, -1.4219181387886696e-11, -9.47814049467865e-12, -1.5594081581582525e-11, 4.8524073648081835e-11, 6.8067773639768275e-12, 4.882388937588187e-11, -5.294653604437366e-12, 2.3070489962861984e-11, -3.88765908354571e-10, 4.675332343495607e-10, 6.422882226075907e-10, 8.403927553857231e-10, 9.020629243572389e-10, 3.4222297773389744e-09, -3.918843360928295e-09, 1.0474520750758359e-08, -1.1390291820845268e-08, -6.934405616387818e-08, 1.7207799629659307e-09, -3.116226654498169e-08, -1.89268924422059e-08, 8.601396443985722e-07, -2.6661241226411144e-06, 1.448309760454513e-06, 1.1496255353793386e-06, 5.801746912875713e-05, 0.0002454744677331536, -0.0005192590773068221, -0.008798500819384679, -0.19179342281646494, 0.5364788936397337, -0.5204298733066866, 0.97725472743162, -0.45172757348708303]
mx_stag [-2.602085213965209e-18, -4.770489558936216e-18, -1.1926223897340516e-17, 6.7220534694101244e-18, 2.8189256484623065e-18, -6.505213034913022e-18, -4.770489558936205e-18, 1.7347234759768086e-18, 1.5178830414797076e-18, -4.5536491244391225e-18, -2.1684043449710113e-19, 1.734723475976808e-18, 1.951563910473902e-18, 4.770489558936213e-18, -4.33680868994202e-19, -2.8189256484623115e-18, 2.537033083616079e-17, 9.540979117872465e-18, -3.903127820947815e-18, -2.168404344971006e-19, -6.722053469410117e-18, -5.8546917314217124e-18, 4.336808689942014e-19, -3.4694469519536134e-18, 7.806255641895627e-18, 7.806255641895617e-18, 3.469446951953614e-18, -5.2041704279304205e-18, -3.469446951953629e-18, -2.1684043449710066e-18, -8.673617379884034e-19, -3.0357660829594086e-18, -6.938893903907222e-18, -6.938893903907236e-18, -7.806255641895649e-18, -1.4311468676808652e-17, -3.0357660829594086e-18, 1.734723475976809e-18, 3.0357660829594043e-18, -1.3444106938820275e-17, 2.7321894746634752e-17, 3.9031278209478106e-18, -5.6378512969246184e-18, -4.336808689942026e-19, 3.295974604355944e-17, -9.540979117872431e-18, 1.5612511283791295e-17, 7.806255641895623e-18, -2.949029909160574e-17, 8.67361737988404e-18, 2.1684043449710064e-17, -3.209238430557093e-17, -3.4694469519536247e-17, 2.0816681711721685e-17, 8.673617379884034e-18, -3.469446951953622e-17, -4.076600168545491e-17, -1.734723475976804e-17, 6.93889390390723e-18, -1.4745149545802876e-17, 1.9949319973733272e-17, 2.5153490401663635e-17, 8.673617379884028e-18, -4.0766001685454967e-17, -6.505213034913024e-17, 2.25514051876985e-17, 3.0357660829594136e-17, -2.9490299091605727e-17, -8.673617379884032e-18, 1.56125112837913e-17, -2.341876692568688e-17, -4.0766001685454924e-17, 3.295974604355932e-17, 3.4694469519536103e-18, -1.9949319973733282e-17, 6.50521303491302e-17, 6.071532165918837e-18, -2.8622937353617354e-17, -3.729655473350142e-17, -2.515349040166371e-17, 8.673617379884048e-18, 2.905661822261154e-17, 2.5153490401663635e-17, 3.8163916471489725e-17, 2.038300084272752e-17, 4.770489558936208e-18, 3.469446951953605e-18, 2.0816681711721676e-17, -4.293440603042598e-17, -3.9031278209478206e-18, 8.023096076392729e-17, 1.0191500421363736e-17, -4.336808689942016e-18, 2.4502969098172434e-17, 9.324138683375344e-18, 1.9515639104739126e-17, -7.589415207398524e-19, 6.179952383167372e-18, 1.9081958235744897e-17, -6.613633252161574e-18, -3.88941404637839e-17]
mz_stag [1.3877787807814448e-17, -2.775557561562889e-17, -3.816391647148966e-17, -9.020562075079393e-17, 3.122502256758247e-17, 4.857225732735057e-17, -5.5511151231257654e-17, -1.387778780781447e-17, 1.7347234759768086e-17, -6.245004513516512e-17, 3.469446951953618e-18, -2.428612866367531e-17, -6.591949208711846e-17, 1.734723475976805e-17, -2.0816681711721694e-17, 5.898059818321144e-17, -2.0816681711721676e-17, -7.979727989493334e-17, 1.1102230246251563e-16, -3.8163916471489707e-17, -1.0408340855860827e-17, -3.4694469519536073e-18, -6.938893903907222e-17, -1.0408340855860841e-17, -6.938893903907224e-18, 2.428612866367525e-17, -2.0816681711721685e-17, 0.0, -1.7347234759768145e-17, 3.4694469519536105e-17, -1.0408340855860841e-17, -6.938893903907219e-18, -7.632783294297945e-17, -6.245004513516512e-17, 4.1633363423443457e-17, 1.7347234759768065e-17, 3.4694469519536096e-18, 4.857225732735065e-17, 3.816391647148966e-17, 5.551115123125791e-17, -1.8388068845354182e-16, -3.4694469519536096e-18, -3.469446951953611e-18, 3.122502256758259e-17, 4.510281037539713e-17, -3.469446951953611e-18, 3.9898639947466643e-17, -3.29597460435593e-17, -3.8163916471489775e-17, -8.67361737988404e-18, 7.979727989493304e-17, -1.0408340855860843e-17, -2.7755575615629e-17, 0.0, -2.60208521396521e-17, 1.734723475976811e-17, -1.734723475976805e-17, 8.67361737988402e-18, 0.0, 6.938893903907236e-18, -7.806255641895629e-18, -1.5612511283791224e-17, -2.6020852139652083e-18, -1.9081958235744878e-17, -9.540979117872434e-18, -8.67361737988404e-19, -1.2143064331837656e-17, 5.204170427930423e-18, -1.7347234759768065e-17, -6.0715321659188395e-18, 1.3877787807814448e-17, -2.341876692568687e-17, -8.673617379884032e-18, 3.035766082959409e-18, -1.0842021724855044e-17, 2.6020852139652085e-17, 8.673617379884053e-19, 0.0, -2.168404344971013e-18, -7.372574772901432e-18, 3.903127820947821e-18, 1.496198998029997e-17, -1.5612511283791224e-17, 0.0, 0.0, 2.8189256484623046e-18, -2.059984127722453e-18, -8.673617379884032e-19, -2.1684043449710093e-19, -7.58941520739854e-19, -3.0357660829594113e-18, 2.059984127722457e-18, 0.0, -1.002887009549093e-18, -1.4907779871675696e-18, -6.911788849595108e-19, 1.897353801849631e-19, -1.8024861117571504e-18, -3.726944967918925e-20, 1.346782386134337e-19, 4.504929498366566e-34]
loschmidt_echo [1.0000000000000013, 0.9999742034770615, 0.9998942931100497, 0.9997562717936511, 0.9995558339148831, 0.9992883372339266, 0.9989487716529282, 0.99853172445613, 0.9980313415391127, 0.9974412840675776, 0.9967546799149645, 0.9959640691204534, 0.9950613424815165, 0.9940376722443995, 0.9928834336773099, 0.9915881160996712, 0.9901402216905753, 0.9885271501040017, 0.9867350665699854, 0.9847487507520443, 0.9825514231538253, 0.9801245453153415, 0.9774475894065406, 0.9744977721137004, 0.9712497469313498, 0.9676752481432663, 0.9637426789500778, 0.9594166354673259, 0.9546573578287723, 0.9494200996336628, 0.9436544078675264, 0.9373033078128983, 0.9303023922689418, 0.9225788229747942, 0.9140502664296587, 0.904623809028919, 0.8941949311764767, 0.8826466712250426, 0.8698491826098956, 0.8556599854875379, 0.8399253383077038, 0.8224832975576977, 0.8031691719169982, 0.7818241601707959, 0.7583079035143905, 0.7325153569742545, 0.7043976510344115, 0.6739853860002121, 0.6414111667224185, 0.6069265480005547, 0.570907684349892, 0.5338447700094426, 0.4963133337976316, 0.45893012770266334, 0.4223010588704144, 0.38697124429415064, 0.35338651782677216, 0.3218719862687402, 0.2926283220110574, 0.26574242757231176, 0.24120707479808629, 0.2189441040782865, 0.1988270230522583, 0.18070050312626101, 0.164395734359756, 0.14974161095970104, 0.1365722767335687, 0.12473177439943797, 0.11407654668910959, 0.10447643695520721, 0.09581470190716167, 0.08798741723539659, 0.08090254503746405, 0.0744788445967258, 0.06864474355219231, 0.06333724085458864, 0.05850088175695145, 0.05408682455161421, 0.05005200571912423, 0.046358402242218454, 0.042972385351734074, 0.039864157710627186, 0.03700726518289522, 0.03437817432233294, 0.031955907186866916, 0.02972172580282183, 0.027658859422399384, 0.025752268547879948, 0.023988440486420362, 0.02235521192329682, 0.0208416146479533, 0.01943774113314756, 0.018134627144376154, 0.016924148841998613, 0.01579893274936328, 0.014751993269214916, 0.013649985588068712, 0.011865325759566147, 0.011146519820026467, 0.004428275258271597, 0.009935437582302227]
kink density of the final state: N tau KinkDens 12 inf 0.0
time: calculate dynamics 3.0061988830566406
time: plot 0.9172790050506592
