../dat_L3/dat_L3_tau_inf 3 9
../dat_L4/dat_L4_tau_inf 4 16
h [6.08876   6.0278724 5.9669848 5.9060972 5.8452096 5.784322  5.7234344
 5.6625468 5.6016592 5.5407716 5.479884  5.4189964 5.3581088 5.2972212
 5.2363336 5.175446  5.1145584 5.0536708 4.9927832 4.9318956 4.871008
 4.8101204 4.7492328 4.6883452 4.6274576 4.56657   4.5056824 4.4447948
 4.3839072 4.3230196 4.262132  4.2012444 4.1403568 4.0794692 4.0185816
 3.957694  3.8968064 3.8359188 3.7750312 3.7141436 3.653256  3.5923684
 3.5314808 3.4705932 3.4097056 3.348818  3.2879304 3.2270428 3.1661552
 3.1052676 3.04438   2.9834924 2.9226048 2.8617172 2.8008296 2.739942
 2.6790544 2.6181668 2.5572792 2.4963916 2.435504  2.3746164 2.3137288
 2.2528412 2.1919536 2.131066  2.0701784 2.0092908 1.9484032 1.8875156
 1.826628  1.7657404 1.7048528 1.6439652 1.5830776 1.52219   1.4613024
 1.4004148 1.3395272 1.2786396 1.217752  1.1568644 1.0959768 1.0350892
 0.9742016 0.913314  0.8524264 0.7915388 0.7306512 0.6697636 0.608876
 0.5479884 0.4871008 0.4262132 0.3653256 0.304438  0.2435504 0.1826628
 0.1217752 0.0608876 0.       ]
L mx 3 [9.82315439e-01 9.81877269e-01 9.81421931e-01 9.80948487e-01
 9.80455930e-01 9.79943183e-01 9.79409088e-01 9.78852403e-01
 9.78271789e-01 9.77665808e-01 9.77032908e-01 9.76371415e-01
 9.75679520e-01 9.74955266e-01 9.74196532e-01 9.73401020e-01
 9.72566232e-01 9.71689453e-01 9.70767726e-01 9.69797824e-01
 9.68776226e-01 9.67699078e-01 9.66562159e-01 9.65360839e-01
 9.64090028e-01 9.62744126e-01 9.61316960e-01 9.59801713e-01
 9.58190848e-01 9.56476016e-01 9.54647954e-01 9.52696371e-01
 9.50609815e-01 9.48375525e-01 9.45979257e-01 9.43405100e-01
 9.40635252e-01 9.37649782e-01 9.34426358e-01 9.30939944e-01
 9.27162475e-01 9.23062497e-01 9.18604792e-01 9.13749993e-01
 9.08454199e-01 9.02668627e-01 8.96339337e-01 8.89407079e-01
 8.81807347e-01 8.73470725e-01 8.64323680e-01 8.54289916e-01
 8.43292491e-01 8.31256842e-01 8.18114856e-01 8.03810012e-01
 7.88303473e-01 7.71580755e-01 7.53658305e-01 7.34589041e-01
 7.14465670e-01 6.93420665e-01 6.71622112e-01 6.49265275e-01
 6.26560650e-01 6.03720033e-01 5.80942644e-01 5.58403311e-01
 5.36244167e-01 5.14570539e-01 4.93450820e-01 4.72919536e-01
 4.52982503e-01 4.33622968e-01 4.14807845e-01 3.96493406e-01
 3.78630100e-01 3.61166366e-01 3.44051462e-01 3.27237424e-01
 3.10680306e-01 2.94340836e-01 2.78184654e-01 2.62182229e-01
 2.46308570e-01 2.30542800e-01 2.14867661e-01 1.99268990e-01
 1.83735200e-01 1.68256798e-01 1.52825946e-01 1.37436081e-01
 1.22081589e-01 1.06757551e-01 9.14595306e-02 7.61834286e-02
 6.09253650e-02 4.56816051e-02 3.04485071e-02 1.52224880e-02
 2.27444072e-16]
L mz0mz1 3 [0.09997313 0.10130037 0.10266575 0.10407102 0.10551801 0.10700871
 0.10854521 0.11012976 0.11176474 0.11345269 0.11519637 0.11699867
 0.11886275 0.12079196 0.12278991 0.12486049 0.12700788 0.12923659
 0.13155149 0.13395786 0.13646138 0.13906824 0.14178513 0.14461935
 0.14757882 0.15067219 0.15390888 0.15729919 0.1608544  0.16458685
 0.1685101  0.17263902 0.17698997 0.18158094 0.18643179 0.19156436
 0.19700278 0.20277366 0.20890636 0.21543325 0.22239    0.22981587
 0.23775392 0.24625127 0.25535925 0.26513343 0.27563345 0.28692271
 0.29906758 0.31213624 0.32619686 0.34131508 0.3575505  0.37495229
 0.39355369 0.41336564 0.43437003 0.45651294 0.47969911 0.50378875
 0.52859781 0.55390293 0.57945104 0.6049734  0.63020214 0.65488716
 0.6788109  0.70179883 0.72372473 0.74451063 0.76412251 0.78256301
 0.79986284 0.81607216 0.83125279 0.8454718  0.85879664 0.87129166
 0.88301594 0.89402214 0.904356   0.9140565  0.92315625 0.93168216
 0.93965616 0.94709595 0.95401571 0.96042681 0.96633831 0.97175748
 0.97669022 0.98114131 0.98511471 0.9886137  0.991641   0.9941989
 0.99628925 0.99791355 0.99907296 0.99976828 1.        ]
L enedens 3 [-6.1810292  -6.12123163 -6.06146125 -6.00171915 -5.94200644 -5.88232434
 -5.8226741  -5.76305706 -5.70347464 -5.64392833 -5.58441973 -5.52495053
 -5.46552253 -5.40613762 -5.34679785 -5.28750539 -5.22826255 -5.1690718
 -5.10993578 -5.05085734 -4.99183951 -4.93288555 -4.87399897 -4.81518355
 -4.75644337 -4.69778282 -4.63920666 -4.58072004 -4.52232856 -4.46403827
 -4.4058558  -4.34778833 -4.28984374 -4.23203063 -4.17435841 -4.11683742
 -4.05947904 -4.00229575 -3.94530137 -3.88851113 -3.83194188 -3.77561228
 -3.71954302 -3.66375705 -3.60827988 -3.5531398  -3.49836826 -3.44400013
 -3.39007407 -3.33663282 -3.28372345 -3.23139762 -3.17971168 -3.12872659
 -3.07850768 -3.0291241  -2.98064796 -2.93315299 -2.88671293 -2.84139941
 -2.79727962 -2.75441394 -2.7128535  -2.67263836 -2.63379615 -2.59634156
 -2.56027672 -2.5255923  -2.4922693  -2.46028118 -2.42959611 -2.40017915
 -2.37199416 -2.34500538 -2.31917858 -2.29448191 -2.27088636 -2.24836604
 -2.22689818 -2.206463   -2.18704356 -2.16862543 -2.15119643 -2.13474632
 -2.11926653 -2.10474986 -2.09119029 -2.07858276 -2.06692296 -2.05620724
 -2.04643249 -2.037596   -2.02969546 -2.02272887 -2.01669451 -2.01159093
 -2.0074169  -2.00417144 -2.00185379 -2.00046342 -2.        ]
L mx 4 [9.84795897e-01 9.84442261e-01 9.84075376e-01 9.83694530e-01
 9.83298956e-01 9.82887835e-01 9.82460282e-01 9.82015348e-01
 9.81552007e-01 9.81069153e-01 9.80565589e-01 9.80040018e-01
 9.79491035e-01 9.78917111e-01 9.78316581e-01 9.77687630e-01
 9.77028275e-01 9.76336341e-01 9.75609443e-01 9.74844958e-01
 9.74039993e-01 9.73191350e-01 9.72295485e-01 9.71348465e-01
 9.70345903e-01 9.69282904e-01 9.68153977e-01 9.66952958e-01
 9.65672891e-01 9.64305912e-01 9.62843092e-01 9.61274264e-01
 9.59587804e-01 9.57770376e-01 9.55806622e-01 9.53678790e-01
 9.51366284e-01 9.48845116e-01 9.46087255e-01 9.43059832e-01
 9.39724191e-01 9.36034763e-01 9.31937732e-01 9.27369509e-01
 9.22255012e-01 9.16505847e-01 9.10018533e-01 9.02673081e-01
 8.94332458e-01 8.84843760e-01 8.74042301e-01 8.61760186e-01
 8.47841006e-01 8.32161721e-01 8.14660965e-01 7.95369692e-01
 7.74435933e-01 7.52132633e-01 7.28839518e-01 7.04998135e-01
 6.81050779e-01 6.57381708e-01 6.34277496e-01 6.11913804e-01
 5.90365102e-01 5.69627797e-01 5.49646959e-01 5.30340060e-01
 5.11614823e-01 4.93380903e-01 4.75556490e-01 4.58071232e-01
 4.40866810e-01 4.23896142e-01 4.07121934e-01 3.90514998e-01
 3.74052616e-01 3.57717080e-01 3.41494457e-01 3.25373602e-01
 3.09345396e-01 2.93402167e-01 2.77537275e-01 2.61744813e-01
 2.46019399e-01 2.30356038e-01 2.14750023e-01 1.99196869e-01
 1.83692270e-01 1.68232066e-01 1.52812214e-01 1.37428777e-01
 1.22077902e-01 1.06755808e-01 9.14587770e-02 7.61831411e-02
 6.09252742e-02 4.56815840e-02 3.04485043e-02 1.52224879e-02
 4.64979627e-18]
L mz0mz1 4 [0.08893161 0.09000279 0.09110294 0.09223336 0.09339545 0.09459069
 0.09582069 0.09708715 0.0983919  0.09973689 0.10112424 0.10255621
 0.10403526 0.10556403 0.10714539 0.10878244 0.11047856 0.11223741
 0.114063   0.11595972 0.11793236 0.1199862  0.12212705 0.12436131
 0.12669608 0.12913923 0.13169953 0.13438676 0.13721189 0.1401872
 0.14332658 0.14664569 0.15016232 0.15389671 0.15787196 0.16211456
 0.16665496 0.17152827 0.17677512 0.18244261 0.18858552 0.19526762
 0.20256316 0.21055864 0.21935446 0.2290667  0.23982835 0.25178986
 0.26511796 0.27999175 0.2965945  0.31509929 0.33564697 0.3583159
 0.38308598 0.4098037  0.43815981 0.46769316 0.49782925 0.52795006
 0.55747679 0.58594068 0.61302251 0.63855587 0.66250285 0.6849168
 0.70590472 0.72559679 0.74412534 0.76161244 0.77816399 0.79386814
 0.80879618 0.82300464 0.83653787 0.84943051 0.8617097  0.87339692
 0.88450945 0.89506147 0.90506486 0.91452983 0.9234653  0.93187917
 0.93977856 0.94716992 0.95405911 0.96045145 0.9663518  0.97176458
 0.97669379 0.98114301 0.98511547 0.98861401 0.99164112 0.99419893
 0.99628926 0.99791356 0.99907296 0.99976828 1.        ]
L enedens 4 [-6.17404908 -6.11409792 -6.05416869 -5.99426223 -5.9343794  -5.87452112
 -5.81468837 -5.75488217 -5.69510362 -5.63535388 -5.57563415 -5.51594575
 -5.45629006 -5.39666854 -5.33708277 -5.27753442 -5.21802528 -5.15855727
 -5.09913244 -5.039753   -4.98042132 -4.92113997 -4.86191171 -4.80273953
 -4.74362668 -4.68457669 -4.6255934  -4.56668101 -4.50784411 -4.44908776
 -4.39041751 -4.3318395  -4.27336053 -4.21498816 -4.15673082 -4.09859795
 -4.04060014 -3.98274936 -3.92505914 -3.86754486 -3.81022409 -3.75311693
 -3.69624653 -3.63963959 -3.583327   -3.52734467 -3.47173429 -3.41654438
 -3.36183128 -3.30766016 -3.2541059  -3.20125355 -3.14919813 -3.0980433
 -3.0478985  -2.99887422 -2.95107562 -2.904595   -2.85950465 -2.81585155
 -2.77365547 -2.73291074 -2.69359114 -2.65565637 -2.61905862 -2.58374804
 -2.54967671 -2.51680099 -2.48508264 -2.45448903 -2.42499278 -2.39657116
 -2.36920537 -2.34287978 -2.31758135 -2.29329904 -2.27002338 -2.24774613
 -2.22646002 -2.20615851 -2.1868357  -2.16848619 -2.15110501 -2.13468756
 -2.11922962 -2.10472724 -2.0911768  -2.07857494 -2.06691858 -2.05620488
 -2.04643127 -2.0375954  -2.02969519 -2.02272876 -2.01669447 -2.01159091
 -2.00741689 -2.00417144 -2.00185379 -2.00046342 -2.        ]
