Lx= 4
Ly= 4
N= 16
field_i= 10000000000.0
field_f= 0.304438
J= 1.0
tau= 3.0
dt= 0.01
Nbond= 32
site1 [0, 0, 1, 1, 2, 2, 3, 3, 4, 4, 5, 5, 6, 6, 7, 7, 8, 8, 9, 9, 10, 10, 11, 11, 12, 12, 13, 13, 14, 14, 15, 15]
site2 [1, 4, 2, 5, 3, 6, 0, 7, 5, 8, 6, 9, 7, 10, 4, 11, 9, 12, 10, 13, 11, 14, 8, 15, 13, 0, 14, 1, 15, 2, 12, 3]
Jzz [1.0, 1.0, 1.0, 1.0, 1.0, 1.0, 1.0, 1.0, 1.0, 1.0, 1.0, 1.0, 1.0, 1.0, 1.0, 1.0, 1.0, 1.0, 1.0, 1.0, 1.0, 1.0, 1.0, 1.0, 1.0, 1.0, 1.0, 1.0, 1.0, 1.0, 1.0, 1.0]
Jx [1. 1. 1. 1. 1. 1. 1. 1. 1. 1. 1. 1. 1. 1. 1. 1.]
time: prepare interaction 0.0014519691467285156
time: prepare Hamiltonian 2.328486442565918
energy(t=0) -159999999999.9999 -140000000004.0001
time: prepare intial state 0.5671758651733398
ene0 [-160000000000.0004, -159872044239.78223, -159488707420.4471, -158851577809.72366, -157963292156.88373, -156827520230.35785, -155448943335.22757, -153833226973.66058, -151986987854.46512, -149917755499.36465, -147633928732.46918, -145144727374.78098, -142460139498.25955, -139590864622.65787, -136548253263.37584, -133344243259.64148, -129991293329.45526, -126502314310.46303, -122890598554.88477, -119169747951.40555, -115353601047.74667, -111456159744.89218, -107491516027.33908, -103473779184.16913, -99417003962.74457, -95335120081.30429, -91241863508.56505, -87150709898.1043, -83074810543.10559, -79026931193.2261, -75019394050.18869, -71064023232.67136, -67172093973.9991, -63354285788.901, -59620639817.71491, -55980520528.69055, -52442581931.163445, -49014738424.839325, -45704140383.08378, -42517154541.26141, -39459349234.68265, -36535484504.831856, -33749507067.14181, -31104550108.76421, -28602937860.4843, -26246194863.263668, -24035059826.675724, -21969503953.92755, -20048753586.061573, -18271316996.404522, -16635015145.381916, -15137016185.415546, -13773873485.891167, -12541566929.112257, -11435547209.844814, -10450782853.615341, -9581809652.417652, -8822782201.07377, -8167527203.300402, -7609598203.712344, -7142331390.715684, -6758902105.660188, -6452381685.9313135, -6215794264.010777, -6042173141.114602, -5924616352.978872, -5856341046.844754, -5830736292.848461, -5841413959.931486, -5882257296.151864, -5947466865.9497595, -6031603512.509327, -6129628031.869104, -6236937266.800551, -6349396352.614563, -6463366873.843151, -6575730720.009268, -6683909460.243872, -6785879090.078691, -6880180039.09547, -6965922364.903744, -7042786096.851608, -7111016731.574281, -7171415921.599501, -7225327437.354678, -7274618521.686304, -7321656794.011451, -7369282898.077271, -7420779122.647291, -7479834257.888274, -7550504981.460327, -7637174097.008713, -7744505973.607421, -7877399557.494233, -8040939346.895696, -8240344736.751262, -8480918152.49309, -8767992400.702444, -9106877669.302872, -9502808611.036823, -9960891941.236155, -10486054974.48775, -11082995514.74586, -11756133499.920652, -12509564785.15161, -13347017429.009243, -14271810824.037365, -15286817987.54718, -16394431300.696783, -17596531953.90292, -18894463324.83396, -20289008481.925236, -21780371971.832115, -23368166013.8441, -25051401188.28172, -26828481669.638012, -28697205018.98629, -30654766514.280334, -32697767961.85573, -34822230898.05638, -37023614056.63759, -39296834945.76191, -41636295348.175224, -44035910529.8013, -46489141915.685646, -48989032968.153404, -51528247980.37371, -54099113479.39932, -56693661916.28111, -59303677307.15715, -61920742478.32111, -64536287560.34064, -67141639371.186035, -69728071326.2094, -72286853513.6229, -74809302577.69151, -77286831058.36372, -79710995845.16335, -82073545414.9234, -84366465537.18022, -86582023147.4828, -88712808107.61996, -90751772592.25446, -92692267863.80598, -94528078221.22145, -96253451933.30994, -97863128993.45276, -99352365559.27768, -100716954968.25752, -101953245247.80653, -103058153065.99902, -104029174096.33223, -104864389796.84512, -105562470629.89128, -106122675774.05945, -106544849403.68456, -106829413634.0023, -106977358251.1797, -106990227365.93437, -106870103147.14778, -106619586807.86546, -106241777029.91447, -105740246025.47685, -105119013443.94894, -104382518340.32277, -103535589427.6199, -102583413839.78264, -101531504633.945, -100385667261.31105, -99151965234.80997, -97836685218.87695, -96446301762.4295, -94987441890.56136, -93466849763.6317, -91891351604.54128, -90267821086.04857, -88603145360.36519, -86904191902.77959, -85177776330.11264, -83430631343.29494, -81669376931.643, -79900491964.20761, -78130287281.47372, -76364880388.36307, -74610171837.17949, -72871823377.04001, -71155237934.22064, -69465541476.07228, -67807566799.52698, -66185839274.00982, -64604564557.557045, -63067618294.36409, -61578537791.823235, -60140515665.247284, -58756395429.17366, -57428669005.15405, -56159476107.465706, -54950605460.15504, -53803497791.25914, -52719250542.92, -51698624229.52057, -50742050369.77603, -49849640913.04384, -49021199074.92714, -48256231492.45957, -47553961604.957954, -46913344162.77599, -46333080762.91497, -45811636307.5684, -45347256279.27913, -44937984724.46963, -44581682835.62054, -44276048021.378105, -44018633353.272446, -43806867277.65854, -43638073481.81269, -43509490803.89433, -43418293077.76168, -43361608805.26835, -43336540550.81875, -43340183955.53781, -43369646271.41827, -43422064319.26706, -43494621778.16371, -43584565718.49955, -43689222295.3865, -43806011524.446686, -43932461067.570465, -44066218962.237595, -44205065234.38726, -44346922341.55814, -44489864400.16961, -44632125158.17317, -44772104682.08631, -44908374735.32042, -45039682832.98074, -45164954966.56615, -45283297000.59034, -45393994751.57725, -45496512768.52452, -45590491842.370995, -45675745280.43392, -45752253989.95637, -45820160422.86817, -45879761441.50391, -45931500172.23098, -45975956920.78599, -46013839229.26912, -46045971160.511345, -46073281900.47827, -46096793773.68782, -46117609770.17239, -46136900685.28014, -46155891975.49417, -46175850434.53339, -46198070794.19728, -46223862353.67585, -46254535739.543724, -46291389896.16019, -46335699402.98492, -46388702211.22402, -46451587887.3915, -46525486445.87828, -46611457846.41508, -46710482225.64407, -46823450924.75659, -46951158367.55563, -47094294835.38153, -47253440177.201805, -47429058484.83235, -47621493755.03391, -47830966551.89251, -48057571674.83242, -48301276829.69844, -48561922292.79367, -48839221550.54298, -49132762890.6873, -49442011914.67349, -49766314935.13842, -50104903217.21667, -50456898017.8624, -50821316373.331795, -51197077581.618385, -51583010323.84835, -51977860366.369026, -52380298783.60235, -52788930640.54732, -53202304073.076775, -53618919703.861435, -54037240331.840904, -54455700833.5005, -54872718214.87729, -55286701754.06469, -55696063175.006454, -56099226794.536354, -56494639585.83444, -56880781102.78772, -57256173211.07442, -57619389573.119286, -57969064835.46025, -58303903468.39897]
ene [-4.871008001600052, -4.871008001600041, -4.871008001599946, -4.87100800160009, -4.87100800159989, -4.871008001600014, -4.87100800160014, -4.8710080016000115, -4.871008001600041, -4.871008001600022, -4.871008001600065, -4.871008001600062, -4.8710080015999475, -4.8710080015999555, -4.871008001599948, -4.871008001600029, -4.871008001599949, -4.871008001600007, -4.871008001599949, -4.871008001600029, -4.871008001599946, -4.871008001599988, -4.871008001600006, -4.871008001600014, -4.871008001599984, -4.871008001599949, -4.871008001599936, -4.8710080015999795, -4.8710080015999555, -4.871008001600107, -4.871008001600024, -4.871008001600017, -4.871008001599925, -4.871008001599979, -4.871008001600081, -4.871008001600045, -4.871008001599907, -4.871008001600036, -4.871008001600038, -4.871008001599988, -4.8710080015999395, -4.871008001599982, -4.87100800159998, -4.871008001599973, -4.871008001599933, -4.871008001599977, -4.871008001599971, -4.871008001600005, -4.871008001600066, -4.871008001599977, -4.871008001599955, -4.871008001600057, -4.871008001599957, -4.871008001600002, -4.871008001599986, -4.8710080015999955, -4.871008001599998, -4.871008001599985, -4.8710080016000115, -4.871008001599991, -4.871008001600031, -4.871008001600014, -4.871008001599963, -4.871008001600022, -4.871008001599988, -4.871008001600002, -4.871008001599994, -4.871008001599931, -4.871008001600011, -4.871008001600014, -4.871008001600026, -4.8710080016000035, -4.87100800160001, -4.871008001600037, -4.871008001600024, -4.871008001600043, -4.871008001599941, -4.871008001600056, -4.8710080016000195, -4.871008001599999, -4.87100800159999, -4.8710080015999875, -4.871008001600078, -4.871008001599948, -4.871008001599925, -4.871008001600058, -4.8710080016000274, -4.87100800159998, -4.871008001600031, -4.871008001599981, -4.871008001600008, -4.871008001600003, -4.871008001600051, -4.871008001599995, -4.87100800159995, -4.871008001600053, -4.871008001599976, -4.871008001599971, -4.871008001599942, -4.871008001600038, -4.871008001600035, -4.871008001599938, -4.871008001600006, -4.871008001599939, -4.871008001599975, -4.871008001599979, -4.871008001600025, -4.871008001599975, -4.871008001600007, -4.871008001600031, -4.871008001599989, -4.871008001599946, -4.871008001599973, -4.871008001600057, -4.871008001599967, -4.871008001600003, -4.871008001600013, -4.871008001599996, -4.871008001599988, -4.871008001599973, -4.871008001600011, -4.871008001600011, -4.871008001599984, -4.871008001599983, -4.871008001599997, -4.8710080016000825, -4.871008001600011, -4.871008001600033, -4.871008001600007, -4.871008001599982, -4.871008001600007, -4.871008001599942, -4.871008001599924, -4.871008001600013, -4.871008001599979, -4.871008001599937, -4.87100800159999, -4.871008001599988, -4.871008001599954, -4.8710080015999555, -4.871008001600002, -4.8710080015999475, -4.871008001599944, -4.871008001600035, -4.87100800160001, -4.871008001600094, -4.871008001599985, -4.871008001600015, -4.87100800159997, -4.871008001599921, -4.871008001600008, -4.871008001599971, -4.871008001600029, -4.87100800160004, -4.871008001600031, -4.871008001599984, -4.871008001600013, -4.8710080015999795, -4.871008001600015, -4.8710080016000115, -4.871008001599934, -4.871008001600117, -4.871008001599985, -4.871008001600069, -4.871008001599965, -4.871008001600011, -4.871008001599977, -4.871008001600013, -4.871008001600015, -4.871008001600019, -4.8710080016000346, -4.871008001599981, -4.8710080015999795, -4.871008001599944, -4.871008001599911, -4.8710080015999235, -4.871008001599941, -4.871008001600006, -4.871008001600111, -4.8710080015999875, -4.871008001599929, -4.871008001599929, -4.87100800159997, -4.871008001600015, -4.871008001600006, -4.871008001600025, -4.871008001599966, -4.871008001600005, -4.871008001599982, -4.871008001599936, -4.871008001599938, -4.871008001599984, -4.871008001600068, -4.871008001600067, -4.871008001600002, -4.871008001599943, -4.871008001600051, -4.871008001600019, -4.8710080016000195, -4.871008001600037, -4.871008001599997, -4.871008001600004, -4.871008001600035, -4.871008001600036, -4.871008001599978, -4.871008001599958, -4.871008001599991, -4.871008001600012, -4.871008001600066, -4.871008001600024, -4.871008001600016, -4.871008001599975, -4.871008001600025, -4.871008001599996, -4.871008001600004, -4.8710080015999715, -4.871008001600034, -4.871008001600056, -4.871008001599948, -4.871008001600011, -4.8710080016000346, -4.871008001599965, -4.871008001600017, -4.871008001600022, -4.871008001599991, -4.871008001599931, -4.8710080016000274, -4.8710080016000195, -4.871008001600003, -4.871008001600071, -4.871008001600001, -4.871008001599975, -4.871008001599923, -4.87100800160004, -4.871008001599996, -4.871008001600032, -4.871008001600004, -4.87100800159999, -4.871008001599963, -4.871008001599997, -4.87100800159998, -4.871008001599963, -4.871008001599974, -4.871008001599952, -4.871008001600042, -4.871008001600009, -4.87100800160003, -4.871008001599986, -4.871008001599977, -4.871008001599984, -4.871008001600003, -4.871008001600019, -4.871008001600007, -4.871008001599988, -4.8710080015999475, -4.871008001599996, -4.871008001600001, -4.8710080015999715, -4.871008001600032, -4.871008001600004, -4.871008001600033, -4.87100800160001, -4.871008001599941, -4.871008001600055, -4.8710080015999715, -4.871008001599942, -4.871008001599993, -4.8710080016000115, -4.871008001600029, -4.871008001600033, -4.871008001599974, -4.871008001600019, -4.87100800159997, -4.871008001599954, -4.8710080015999155, -4.871008001599987, -4.871008001599985, -4.871008001599982, -4.871008001600031, -4.871008001599999, -4.871008001600025, -4.871008001600023, -4.871008001600026, -4.871008001599964, -4.871008001600012, -4.871008001600052, -4.8710080016000905, -4.871008001600008, -4.871008001600004, -4.871008001599983, -4.871008001599962, -4.871008001599907, -4.87100800159996, -4.87100800159994, -4.871008001600008, -4.871008001599952, -4.871008001599964, -4.8710080015999475, -4.871008001599902, -4.871008001600069, -4.871008001599973]
mz0mz1 [5.000080565508703e-11, 0.00012173316165546571, 0.0004864278323070964, 0.0010925730336717007, 0.0019376602448774687, 0.003018198162938768, 0.004329733140479108, 0.00586687519577829, 0.007623329398864994, 0.009591932398055147, 0.011764693814560233, 0.01413284219879637, 0.016686875211224368, 0.019416613663110274, 0.02231125902881773, 0.025359454021151917, 0.028549345805140743, 0.0318686514133178, 0.035304724917160586, 0.038844625904839516, 0.0424751888144981, 0.04618309267510679, 0.049954930812985084, 0.05377728009141781, 0.05763676926297337, 0.061520146029021824, 0.06541434241817551, 0.06930653811473671, 0.07318422138934545, 0.07703524730671227, 0.08084789290917588, 0.0846109090997389, 0.0883135689737616, 0.09194571237466896, 0.09549778647532853, 0.09896088221328361, 0.10232676643449046, 0.10558790962639983, 0.10873750914723151, 0.11176950788392515, 0.11467860829627596, 0.11746028182956929, 0.12011077370207325, 0.1226271030974458, 0.12500705881514695, 0.1272491904545534, 0.12935279523045973, 0.13131790053923045, 0.1331452424158262, 0.13483624004238104, 0.13639296648905774, 0.13781811588714793, 0.13911496725330402, 0.14028734520188063, 0.1413395777997057, 0.1422764518343655, 0.143103165782599, 0.14382528078021958, 0.1444486699084028, 0.14497946612334608, 0.14542400916715664, 0.1457887918068046, 0.1460804057553784, 0.14630548763524484, 0.1464706653459126, 0.1465825052005013, 0.14664746019315447, 0.14667181975595606, 0.14666166135717262, 0.14662280428344543, 0.14656076593653652, 0.1464807209602673, 0.14638746349581203, 0.14628537284310994, 0.14617838278320916, 0.14606995479088894, 0.1459630553390101, 0.1458601374661346, 0.14576312674685823, 0.14567341177086426, 0.1455918392015355, 0.14551871344895062, 0.14545380095528165, 0.1453963390533617, 0.1453450493220067, 0.145298155324722, 0.14525340458237432, 0.14520809459528106, 0.14515910269647925, 0.14510291948628332, 0.14503568556833418, 0.14495323128020776, 0.14485111908693127, 0.14472468828414245, 0.14456910163911868, 0.14437939358262544, 0.14415051955279762, 0.1438774060841147, 0.14355500122972076, 0.14317832490458743, 0.14274251873932717, 0.14224289504081966, 0.1416749844651932, 0.14103458202164024, 0.14031779104157807, 0.13952106476658352, 0.13864124523032084, 0.13767559913389973, 0.13662185044065486, 0.13547820944480615, 0.13424339809881825, 0.13291667141585725, 0.13149783479662608, 0.1299872571635742, 0.12838587981966476, 0.12669522098341515, 0.12491737598639648, 0.12305501315351391, 0.12111136542002647, 0.11909021777193138, 0.11699589062801616, 0.11483321931218997, 0.11260752979340373, 0.11032461089750964, 0.10799068322038871, 0.10561236499459555, 0.10319663518236345, 0.10075079408606367, 0.0982824217827769, 0.0957993347028037, 0.09330954068216948, 0.0908211928268414, 0.0883425425311725, 0.08588189199508592, 0.08344754658385149, 0.08104776737075536, 0.07869072419693757, 0.07638444957385711, 0.0741367937427917, 0.07195538119216442, 0.06984756891783465, 0.06782040669372869, 0.06588059960062813, 0.06403447303969509, 0.06228794043467127, 0.06064647380286967, 0.05911507735020912, 0.057698264220083645, 0.05640003649975963, 0.055223868561830564, 0.05417269379194187, 0.05324889472806208, 0.052454296611060776, 0.05179016432150634, 0.05125720265373874, 0.050855559855426176, 0.050584834339326756, 0.05044408445380741, 0.050431841180190846, 0.050546123608064125, 0.05078445702462987, 0.05114389344083202, 0.05162103436561967, 0.05221205563018767, 0.05291273405632473, 0.05371847575736871, 0.05462434585617529, 0.05562509940247693, 0.05671521327141829, 0.057888918826278495, 0.05914023513097391, 0.06046300250199408, 0.06185091619476171, 0.0632975600258608, 0.06479643974014848, 0.06634101594016116, 0.06792473640450844, 0.0695410676318088, 0.07118352545721059, 0.07284570459943707, 0.07452130700753154, 0.07620416888794583, 0.077888286304253, 0.07956783925344545, 0.08123721413445137, 0.0828910245360903, 0.08452413028313971, 0.08613165469045767, 0.08770899998606235, 0.08925186087490052, 0.09075623622534452, 0.0922184388706198, 0.09363510352701662, 0.09500319284009179, 0.09632000157897373, 0.09758315900737323, 0.09879062946799434, 0.09994071122467173, 0.10103203361377774, 0.10206355256315341, 0.10303454454317755, 0.10394459902043436, 0.10479360948979954, 0.10558176316580073, 0.10630952941854326, 0.10697764704359924, 0.10758711045881562, 0.10813915492423035, 0.1086352408839218, 0.10907703753097385, 0.10946640569849538, 0.10980538018112222, 0.11009615159231169, 0.1103410478633485, 0.11054251549000249, 0.11070310063257034, 0.11082543017413723, 0.11091219284085281, 0.11096612048632017, 0.11098996964022195, 0.11098650341882851, 0.11095847389219651, 0.11090860499953666, 0.11083957610056061, 0.11075400624647004, 0.11065443924973369, 0.11054332962686743, 0.11042302948308391, 0.11029577640202742, 0.1101636823976481, 0.11002872397891549, 0.10989273337128677, 0.10975739093176512, 0.10962421878707145, 0.1094945757168581, 0.10936965329612033, 0.10925047330297835, 0.10913788638999318, 0.10903257200900308, 0.10893503957136655, 0.10884563081735225, 0.10876452336054633, 0.10869173536520302, 0.10862713130700263, 0.10857042876040555, 0.10852120614882345, 0.10847891138751989, 0.10844287134304985, 0.108412302027788, 0.10838631944324185, 0.1083639509818179, 0.10834414729326103, 0.10832579451946854, 0.10830772679943645, 0.10828873894520698, 0.10826759918940983, 0.10824306190570535, 0.1082138802049324, 0.10817881831202149, 0.10813666363189936, 0.10808623841647823, 0.1080264109493449, 0.10795610617012912, 0.10787431566626311, 0.10778010696637244, 0.10767263207630447, 0.10755113520608231, 0.10741495964360155, 0.10726355373868134, 0.10709647596886893, 0.10691339906639602, 0.10671411319348231, 0.10649852816092172, 0.10626667469236115, 0.10601870474393323, 0.10575489089570604, 0.10547562483785043, 0.10518141498045232, 0.10487288322124336, 0.10455076091054803, 0.10421588405704188, 0.10386918782171232, 0.10351170035067447, 0.1031445360001029, 0.10276888800870078, 0.1023860206747352, 0.10199726109577117, 0.10160399052997018, 0.1012076354380691, 0.10080965826511538, 0.100411548020715, 0.100014810715853, 0.09962095971364364, 0.0992315060502928, 0.09884794878152423, 0.09847176540852098, 0.0981044024362024, 0.09774726611537216, 0.0974017134190229, 0.09706904330177506, 0.09675048829009263]
mx0mx1 [1.0000000000000029, 0.9988006546100968, 0.9952104632523905, 0.9892528817167091, 0.9809667418805424, 0.9704058637027475, 0.9576385192531343, 0.9427467558687598, 0.9258255873420846, 0.9069820637122724, 0.8863342317203908, 0.8640099992755339, 0.8401459183509107, 0.8148859015653224, 0.7883798883028709, 0.7607824765738915, 0.7322515369267494, 0.7029468245857594, 0.6730286056264285, 0.6426563124178978, 0.611987242781363, 0.5811753163517622, 0.5503699005107104, 0.5197147170054847, 0.48934683900702164, 0.4593957869149665, 0.42998272971634927, 0.40121979717057205, 0.37320950655219903, 0.3460443061577101, 0.319806236292187, 0.29456670701888643, 0.2703863905917583, 0.24731522521701635, 0.2253925256124844, 0.2046471947659319, 0.1850980303409051, 0.16675411834686654, 0.14961530598271625, 0.13367274498023957, 0.11890949631612775, 0.10530118682696436, 0.09281670804719981, 0.08141894749286047, 0.07106554262795783, 0.061709647872292765, 0.05330070523200967, 0.045785209452757, 0.039107459003116976, 0.033210284686810906, 0.02803574824978899, 0.023525803985562525, 0.019622917042520185, 0.016270632892871412, 0.013414093226964718, 0.011000494380913415, 0.00897948528133776, 0.007303502789659047, 0.005928043240270181, 0.004811869882105601, 0.003917156841135437, 0.0032095711112035776, 0.0026582949411701486, 0.002235991806031794, 0.001918719917045299, 0.0016857979295121408, 0.001519628135722347, 0.0014054829741826456, 0.0013312611350202613, 0.0012872198868324675, 0.0012656904850206958, 0.0012607836401673557, 0.0012680920234222019, 0.0012843966622744273, 0.0013073838347374966, 0.0013353787053408928, 0.0013671014671740834, 0.0014014511676458748, 0.001437321710924676, 0.001473453758709428, 0.0015083254064969923, 0.0015400836101030079, 0.0015665173935978758, 0.0015850729029508218, 0.0015929093982876568, 0.0015869943209760279, 0.001564234648988803, 0.0015216408840583162, 0.0014565192151133647, 0.0013666866912913824, 0.0012507036297875955, 0.0011081169923329774, 0.0009397081003670414, 0.0007477378316290607, 0.0005361823558812479, 0.0003109525278543928, 8.009026137295487e-05, -0.00014606444291694634, -0.0003547416585503929, -0.0005306501119617903, -0.0006559306777759112, -0.000710158456390124, -0.0006703961793483072, -0.0005113006984703964, -0.00020528327508735053, 0.0002772766836455632, 0.0009677658725257504, 0.001899021817017049, 0.003104971611894314, 0.004620229176977563, 0.0064796564418406095, 0.008717894684609314, 0.011368872955367664, 0.014465301098037812, 0.018038155333937704, 0.02211616467625781, 0.0267253066007838, 0.031888320400676, 0.03762424650118736, 0.04394799970607308, 0.050869983896302484, 0.058395755111362656, 0.06652573922471194, 0.07525500959076503, 0.08457312910663826, 0.09446406011477242, 0.10490614449158597, 0.11587215514231794, 0.12732941897406255, 0.13924001026927, 0.15156101225148472, 0.16424484354513555, 0.17723964520144586, 0.1904897230119267, 0.20393603897668175, 0.21751674505150173, 0.23116775167943662, 0.24482332312805505, 0.25841669131215333, 0.2718806795867538, 0.2851483279491587, 0.298153511190586, 0.31083154178306727, 0.3231197496684702, 0.33495803162592924, 0.34628936351682577, 0.35706026943155483, 0.36722124257193733, 0.3767271135803036, 0.3855373629537656, 0.3936163751395382, 0.40093363287658434, 0.40746385131110485, 0.41318705235012254, 0.4180885806119857, 0.4221590631692781, 0.4253943160437728, 0.4277952010940765, 0.4293674375227727, 0.43012137271596623, 0.43007171750653067, 0.4292372512229877, 0.4276405020464438, 0.4253074082521614, 0.42226696586269136, 0.4185508680946607, 0.4141931417463366, 0.4092297853608895, 0.4036984136179472, 0.3976379119689843, 0.39108810504922875, 0.38408944188494887, 0.3766827003815685, 0.36890871303764794, 0.36080811529400386, 0.3524211174069533, 0.3437873002397262, 0.3349454349053838, 0.32593332577506245, 0.3167876759939201, 0.30754397432746017, 0.2982364018966105, 0.28889775715310095, 0.27955939729660517, 0.27025119424204297, 0.2610015032064136, 0.2518371419964121, 0.2427833791372096, 0.23386392908321899, 0.22510095288910323, 0.21651506288620243, 0.20812533010090167, 0.19994929335984005, 0.19200296924609686, 0.18430086229432524, 0.1768559750347442, 0.16967981771078908, 0.16278241769732738, 0.15617232883144946, 0.14985664103159788, 0.14384099072036519, 0.1381295726785606, 0.1327251540417945, 0.12762909120456742, 0.12284135042031692, 0.11836053287961502, 0.11418390501374062, 0.11030743470873536, 0.10672583402829719, 0.10343260893493282, 0.1004201163711149, 0.09767962891907428, 0.09520140710323033, 0.09297477923694339, 0.09098822854929511, 0.08922948716210115, 0.08768563632609541, 0.08634321217208411, 0.08518831609130313, 0.08420672873251733, 0.08338402649432876, 0.08270569930221602, 0.08215726839291085, 0.0817244027853396, 0.08139303309841704, 0.08114946138190218, 0.08098046565719041, 0.08087339791964775, 0.08081627443179729, 0.08079785723565337, 0.08080772593078137, 0.08083633889985163, 0.08087508331270601, 0.08091631340044644, 0.0809533766594947, 0.08098062781883957, 0.08099343057827052, 0.08098814729838909, 0.08096211699108322, 0.08091362211929211, 0.08084184486443485, 0.08074681365649457, 0.08062934088329028, 0.08049095280037695, 0.08033381274994793, 0.08016063886516303, 0.07997461748519658, 0.07977931353573516, 0.07957857914025217, 0.07937646171955859, 0.07917711281217593, 0.0789846988069732, 0.0788033147240686, 0.07863690211152308, 0.07848917204593961, 0.07836353413623558, 0.07826303233367522, 0.07819028824916274, 0.07814745257281379, 0.07813616508215487, 0.07815752361561949, 0.07821206227820512, 0.07829973903761409, 0.07841993276239202, 0.0785714496495269, 0.07875253888778969, 0.07896091730559186, 0.07919380265819204, 0.07944795511914603, 0.07971972645490488, 0.0800051162797896, 0.08029983471117835, 0.08059937067189575, 0.0808990650188808, 0.08119418761457053, 0.0814800174004726, 0.08175192448201145, 0.08200545319038217, 0.08223640505186028, 0.08244092056869326, 0.08261555869932892, 0.08275737292033213, 0.08286398275897795, 0.08293363970509468, 0.08296528644418814, 0.0829586084018882, 0.0829140766528999, 0.0828329813262756, 0.08271745473286468, 0.08257048355016511, 0.08239590952385696, 0.0821984182830652, 0.08198351601677502, 0.08175749392002449, 0.08152738048882781, 0.0813008819195358, 0.08108631104962945, 0.08089250545925418, 0.08072873553363, 0.08060460346249222, 0.08052993432059831]
mx [1.0000000000000009, 0.999200276498622, 0.9968044213777092, 0.9928223613105364, 0.9872705759801247, 0.9801720014391176, 0.9715558958443159, 0.9614576685842027, 0.9499186740888729, 0.936985971869108, 0.9227120545755758, 0.907154546089547, 0.8903758718607833, 0.8724429038877344, 0.8534265828916411, 0.8334015203676849, 0.8124455833033919, 0.7906394644340327, 0.7680662409609819, 0.7448109246885146, 0.7209600065399189, 0.6966009983963397, 0.6718219751608837, 0.646711119890306, 0.6213562747556235, 0.5958445004958511, 0.5702616469154469, 0.5446919368492944, 0.5192175658797763, 0.4939183199422515, 0.46887121279750577, 0.4441501451872741, 0.419825587319833, 0.39596428616223395, 0.3726289988416242, 0.34987825328451905, 0.3277661370493004, 0.3063421151341258, 0.2856508773725241, 0.26573221586053125, 0.24662093269383215, 0.22834677813170484, 0.2109344191456178, 0.19440343815525085, 0.17876836160302606, 0.16403871786994573, 0.15021912389084993, 0.13730939968578204, 0.12530470988625614, 0.11419573120056117, 0.10396884463135966, 0.09460635113128324, 0.08608670925899586, 0.07838479327889528, 0.07147217003326232, 0.06531739280664098, 0.05988631029899019, 0.055142388727945836, 0.05104704499173726, 0.047559988744206576, 0.04463957116288813, 0.04224313813121866, 0.04032738550785474, 0.038848714120806246, 0.0377635821026722, 0.03702885217680137, 0.03660213151345008, 0.036442101800968726, 0.03650883722023957, 0.03676410807162423, 0.03717166788287475, 0.037697521923887076, 0.03831017516990399, 0.03898085788824652, 0.03968372717460535, 0.040396042932305226, 0.04109831697086481, 0.04177443409735285, 0.04241174428383884, 0.0430011252152118, 0.04353701475153041, 0.044017413076218335, 0.044443854543248014, 0.0448213494809171, 0.04515829645439739, 0.04546636573148001, 0.04576035493352059, 0.04605801808394031, 0.04637986948751394, 0.04674896408278168, 0.047190656105120785, 0.04773233807731403, 0.04840316230607643, 0.049233747205392656, 0.05025587088918349, 0.05150215457581914, 0.053005738424251804, 0.054799952475614776, 0.05691798540443121, 0.05939255379034455, 0.06225557460417621, 0.0655378435620986, 0.06926872193882629, 0.07347583434629713, 0.07818477987913426, 0.08341885890340232, 0.0891988176225055, 0.09554261239463485, 0.10246519560203078, 0.10997832468479739, 0.11809039575336495, 0.1268063029854504, 0.13612732479765094, 0.146051037560529, 0.1565712574010847, 0.1676780104098981, 0.17935753134368093, 0.19159229068963965, 0.20436104973737365, 0.21763894308903292, 0.231397587830584, 0.24560521838804317, 0.26022684590357525, 0.27522444078919384, 0.2905571369514365, 0.306181456029838, 0.32205154985669504, 0.338119459226098, 0.3543353869571001, 0.3706479831505687, 0.3870046404708463, 0.40335179723397074, 0.41963524605224345, 0.43580044577163, 0.45179283444346174, 0.46755814109436233, 0.48304269409904005, 0.49819372401700124, 0.5129596588284493, 0.5272904095929762, 0.541137644657797, 0.5544550506590588, 0.5671985786884159, 0.5793266741359933, 0.5908004888701703, 0.6015840745710592, 0.6116445561972509, 0.6209522847339392, 0.6294809685403155, 0.6372077827877313, 0.6441134566516624, 0.650182338091428, 0.655402436219794, 0.6597654414264644, 0.6632667235776226, 0.6659053087628559, 0.6676838352024064, 0.6686084890597916, 0.6686889210270096, 0.6679381446595638, 0.6663724175389971, 0.6640111064267304, 0.6608765376489074, 0.6569938340142382, 0.65239073961643, 0.6470974339118771, 0.6411463364877162, 0.634571903951033, 0.6274104203718496, 0.6196997827059864, 0.6114792826061621, 0.602789386003102, 0.5936715118036383, 0.5841678110100492, 0.574320947515426, 0.5641738817745323, 0.5537696584886967, 0.5431511993784602, 0.5323611020489604, 0.5214414458810235, 0.5104336058078672, 0.49937807476105256, 0.4883142954936349, 0.4772805024113545, 0.4663135739661242, 0.45544889608992084, 0.44472023707196834, 0.434159634208235, 0.42379729247949943, 0.41366149544471686, 0.40377852846658263, 0.3941726143213396, 0.38486586118016486, 0.3758782228887888, 0.36722747141306855, 0.3589291812627019, 0.35099672565190015, 0.3434412841059819, 0.3362718611751629, 0.32949531587283726, 0.32311640141389725, 0.317137814790308, 0.31156025568556733, 0.30638249419717284, 0.3016014468066134, 0.2972122600095905, 0.293208400995831, 0.2895817547465869, 0.2863227269005743, 0.28342035172368335, 0.2808624045060415, 0.27863551770066414, 0.2767253001115909, 0.27511645843588434, 0.27379292046326115, 0.2727379592391853, 0.27193431750217373, 0.2713643317138318, 0.2710100550107309, 0.270853378420419, 0.27087614969991464, 0.2710602891741709, 0.27138790197323487, 0.27184138609135344, 0.27240353571847037, 0.2730576393240309, 0.27378757200568027, 0.27457788165022995, 0.2754138684919281, 0.2762816576928865, 0.27716826461272726, 0.27806165247907993, 0.27895078221663405, 0.27982565424111155, 0.2806773420738536, 0.28149801768425625, 0.2822809685191901, 0.28302060623186254, 0.2837124671755489, 0.28435320478149473, 0.2849405739930458, 0.28547340798095294, 0.28595158741548493, 0.2863760026211975, 0.28674850898767834, 0.28707187605473705, 0.28734973073321546, 0.2875864951612431, 0.2877873197315128, 0.2879580118563141, 0.288104961063873, 0.2882350610419056, 0.2883556292613372, 0.2884743248251682, 0.28859906519417644, 0.2887379424420774, 0.2888991396888278, 0.28909084835050614, 0.2893211868293665, 0.2895981212470262, 0.2899293887985332, 0.29032242427459637, 0.2907842902651478, 0.2913216115185169, 0.2919405138887174, 0.2926465682581942, 0.2934447397757088, 0.2943393426996535, 0.29533400108605645, 0.29643161550878494, 0.2976343359475769, 0.29894354092798514, 0.3003598229464062, 0.30188298016436, 0.30351201430875835, 0.30524513466974545, 0.30707976804569875, 0.309012574445681, 0.3110394683236413, 0.313155645086694, 0.3153556125908024, 0.3176332273125502, 0.3199817348644105, 0.3223938145034302, 0.3248616272692556, 0.3273768673770426, 0.32993081648302247, 0.3325144004364076, 0.3351182481288908, 0.33773275205384345, 0.34034813018929805, 0.34295448882298, 0.34554188594297935, 0.34810039482394334, 0.3506201674460835, 0.353091497391767, 0.35550488187280493, 0.35785108254966475, 0.3601211848125113, 0.3623066552022149, 0.36439939665814064]
mz [-2.567390744445681e-16, -8.76577456454526e-17, -2.0274580625478847e-16, -1.2490009027033174e-16, 6.765421556309411e-17, -8.760353553682902e-17, -6.418476861114327e-17, -1.0928757898653845e-16, -3.3480163086352495e-16, -1.8041124150158737e-16, -8.673617379884124e-17, -1.1796119636642382e-16, -1.838806884535413e-16, -5.898059818321068e-17, -2.0816681711721606e-16, -2.1510571102112388e-16, -1.2490009027032912e-16, 4.163336342344337e-17, -1.6653345369377237e-16, 4.163336342344337e-17, -2.7755575615628575e-17, -6.591949208711874e-17, -6.245004513516507e-17, -6.938893903907213e-18, -7.285838599102553e-17, -2.914335439641019e-16, -1.2836953722228207e-16, 1.5612511283791153e-16, 1.4918621893400415e-16, -2.7408630920434065e-16, 1.179611963664234e-16, -2.602085213965207e-16, 1.4571677198205032e-16, 5.204170427930389e-17, -2.2204460492503254e-16, -6.938893903907228e-18, -5.2041704279303726e-17, 1.0408340855860913e-17, 2.810252031082428e-16, -3.816391647148967e-16, -1.2490009027032839e-16, -2.4633073358870616e-16, 1.4224732503009705e-16, 9.714451465470059e-17, -7.63278329429788e-17, 7.285838599102517e-17, -5.065392549852298e-16, -1.3877787807814463e-17, -4.371503159461614e-16, -8.673617379883987e-17, 3.6776137690707965e-16, -1.2143064331837696e-16, 1.387778780781429e-17, -2.9490299091605583e-16, -4.1633363423443185e-17, 8.326672684688663e-17, 2.706168622523819e-16, -1.1796119636642192e-16, 8.326672684688664e-17, -2.6367796834847473e-16, -2.0816681711721833e-16, 2.289834988289387e-16, 1.0408340855860759e-16, -6.24500451351648e-17, 8.673617379884007e-17, -4.614364446098343e-16, 7.97972798949332e-17, -1.5612511283791091e-16, -4.753142324176485e-16, 1.0408340855860819e-16, 1.4918621893400568e-16, -1.2836953722228328e-16, -4.614364446098279e-16, 2.671474153004292e-16, -2.532696274926134e-16, 8.326672684688715e-17, 1.9775847626135315e-16, -1.21430643318377e-16, 1.0755285551056211e-16, -1.179611963664224e-16, -8.326672684688633e-17, -2.5673907444456637e-16, -1.301042606982612e-16, -1.0234868508263046e-16, 1.33573707650213e-16, -6.765421556309604e-17, -3.4520997171938575e-16, -1.9949319973733397e-16, -3.504141421473156e-16, -6.834810495348623e-16, 9.367506770274734e-17, -2.8102520310824176e-16, -2.324529457808936e-16, 4.5102810375397194e-17, -2.8102520310824127e-16, -1.2490009027033161e-16, -5.5511151231257383e-17, -2.740863092043338e-16, -1.1102230246251393e-16, 2.602085213965216e-16, -3.816391647148987e-17, -1.3183898417423593e-16, -3.0184188481996236e-16, -1.7694179454963292e-16, -3.226585665316847e-16, -1.2836953722228402e-16, 2.775557561562898e-17, -3.7123082385903425e-16, -2.9837243786801166e-16, -2.602085213965234e-16, -3.573530360512211e-16, -1.8388068845354044e-16, -2.775557561562868e-17, 1.942890293094027e-16, -3.0531133177191726e-16, -4.822531263215536e-16, -2.3592239273284567e-16, -1.7347234759768012e-17, -1.1449174941446905e-16, -6.938893903907235e-17, 9.020562075079393e-17, -3.0878077872387196e-16, -5.134781488891329e-16, -2.740863092043345e-16, 1.5959455978986566e-16, -2.324529457808937e-16, -9.020562075079393e-17, -9.020562075079423e-17, -6.591949208711835e-17, -2.32452945780892e-16, -7.632783294297946e-17, -4.2327252813833615e-16, -7.979727989493216e-17, 4.8572257327349896e-17, 1.1796119636642269e-16, 2.0816681711721383e-17, -3.1225022567582306e-17, -9.714451465470132e-17, 2.428612866367514e-17, -2.081668171172144e-17, 1.0408340855860835e-16, -2.0816681711721564e-16, -1.2490009027033036e-16, -5.55111512312578e-17, 4.857225732735073e-17, 1.0061396160665583e-16, 2.1510571102112378e-16, -1.3183898417423707e-16, -1.7347234759767893e-16, 9.714451465469952e-17, -7.112366251504939e-17, -1.7173762412170432e-16, -6.418476861114239e-17, 3.4694469519536296e-18, -1.4398204850607615e-16, -2.42861286636752e-17, -1.3183898417423798e-16, -2.0990154059319225e-16, 7.459310946700289e-17, -1.6479873021779608e-16, 1.006139616066541e-16, -1.4571677198205355e-16, -6.938893903907159e-18, -5.551115123125814e-17, -3.2959746043558984e-17, -1.5439038936193714e-16, -1.1969591984239934e-16, -1.2836953722228343e-16, -1.45716771982052e-16, -4.683753385137397e-17, -1.509209424099827e-16, -9.887923813067651e-17, -1.9255430583342576e-16, 7.979727989493244e-17, -6.765421556309454e-17, -1.5439038936193497e-16, -1.1102230246251457e-16, -1.873501354054935e-16, -3.2959746043559575e-17, -9.540979117872427e-17, -6.418476861114126e-17, 5.724587470723426e-17, -2.6367796834847246e-16, -2.6020852139652013e-16, -3.2959746043559415e-17, -1.8041124150158979e-16, 3.989863994746608e-17, -2.7755575615628957e-17, 6.418476861114143e-17, 2.0816681711721473e-16, -8.673617379883982e-18, 5.030698080332717e-17, 5.204170427930471e-17, 1.4918621893400635e-16, 1.0234868508263143e-16, 1.6479873021779606e-16, -5.551115123125831e-17, -1.7000290064572774e-16, -3.9898639947466563e-17, 5.551115123125806e-17, -4.85722573273504e-17, -6.24500451351652e-17, -1.8041124150158895e-16, -1.908195823574488e-17, -3.4694469519535846e-17, 4.683753385137331e-17, 1.0928757898653945e-16, -2.0122792321331123e-16, -6.071532165918856e-17, -6.418476861114228e-17, 2.445960101127291e-16, 2.6020852139652014e-17, 3.642919299551269e-17, -1.3010426069826075e-16, 0.0, 7.806255641895636e-17, -1.058181320345856e-16, -2.4459601011273143e-16, 3.4694469519535865e-18, -1.1796119636642288e-16, -5.2041704279304375e-18, 1.3877787807814401e-17, -1.0755285551056219e-16, -2.6020852139652187e-17, 1.630640067418197e-16, -3.295974604355915e-17, -7.806255641895625e-17, 1.734723475976813e-17, 9.194034422677053e-17, -1.4571677198205347e-16, 6.765421556309559e-17, 5.37764277552812e-17, -2.30718222304914e-16, 3.4694469519536096e-18, -1.0755285551056094e-16, -1.0928757898653904e-16, -1.0581813203458575e-16, -1.6132928326584299e-16, 7.112366251504855e-17, 1.9081958235744915e-17, -1.7347234759768052e-18, -1.3704315460216714e-16, -1.0755285551056225e-16, -1.8214596497756373e-16, -2.775557561562903e-17, 3.4347524824340707e-16, 4.510281037539684e-17, 5.2041704279304074e-18, 1.561251128379123e-17, 3.642919299551272e-17, 3.642919299551295e-17, -1.9428902930940215e-16, -1.5612511283791282e-17, 5.898059818321134e-17, 1.5612511283791255e-17, -3.989863994746646e-17, 1.6479873021779593e-16, -1.71737624121702e-16, -1.734723475976818e-17, 8.3266726846887e-17, 1.023486850826325e-16, 4.8572257327350556e-17, -4.163336342344335e-17, 4.510281037539713e-17, 4.1633363423443185e-17, -1.5612511283791153e-16, 5.377642775528126e-17, -1.4224732503009784e-16, -1.0234868508263157e-16, -1.092875789865397e-16, 2.8449465006019597e-16, -1.5439038936193462e-16, -7.459310946700274e-17, -1.1102230246251516e-16, -1.1449174941446816e-16, -2.463307335887064e-16, -1.786765180256097e-16, -4.354155924701775e-16, -8.847089727481699e-17, -1.630640067418198e-16, -3.4347524824340894e-16, -1.700029006457285e-16, -1.1622647289044652e-16, -6.591949208711835e-17, -2.5326962749261354e-16, -3.2265856653168656e-16, -3.2959746043559685e-16, -1.561251128379133e-16, -4.510281037539711e-17, -1.301042606982602e-16, 4.6837533851373416e-17, -4.163336342344291e-17, -9.194034422677016e-17, -3.0704605524789214e-16, -1.058181320345849e-16, -2.064320936412395e-16, -1.1969591984239873e-16, -1.7347234759767977e-16, -1.6826817716974925e-16, -1.9428902930940442e-16, -1.752070710736567e-16]
mx_stag [6.268043808235773e-20, -6.408333641570785e-20, -2.2509900573282935e-19, -5.209252625614015e-19, -9.18183714823643e-19, -5.692061405548915e-19, -4.201283418381422e-19, 4.607859233063377e-19, 6.234162491791673e-19, -3.794707603699254e-19, -8.239936510889918e-18, -4.878909776184809e-18, -3.4694469519536096e-18, -1.951563910473883e-18, 4.987329993433302e-18, -3.903127820947813e-18, -5.637851296924578e-18, -2.168404344971009e-18, -3.6862873864506904e-18, -1.1275702593849246e-17, 1.0842021724854911e-18, 2.6020852139652137e-18, 5.6378512969246246e-18, 4.336808689942008e-19, 6.5052130349129935e-18, 1.0842021724854981e-17, -3.035766082959373e-18, -3.035766082959391e-18, -1.4311468676808538e-17, 6.071532165918938e-18, -7.372574772901463e-18, -1.8648277366750652e-17, -1.9949319973733078e-17, 2.341876692568675e-17, -4.336808689942042e-19, -5.637851296924623e-18, 1.561251128379112e-17, -1.1275702593849323e-17, 1.908195823574488e-17, -4.1199682554449076e-17, -1.6913553890773635e-17, 8.67361737988402e-19, -4.336808689941983e-19, -3.0357660829593935e-18, -1.344410693882013e-17, -3.035766082959382e-17, 6.505213034913054e-18, 3.469446951953616e-18, -3.90312782094787e-18, 1.6913553890773777e-17, 2.168404344970989e-18, 0.0, 7.372574772901342e-18, 8.239936510889795e-18, -1.7347234759767994e-18, 9.540979117872427e-18, 6.938893903907228e-18, -3.0357660829593874e-18, 1.4311468676808643e-17, 9.974659986866642e-18, -6.722053469410175e-18, 1.626303258728258e-17, 1.2143064331837553e-17, 1.1926223897340499e-18, 5.421010862427504e-19, 7.48099499015004e-18, -7.589415207398538e-19, 1.0950441942103473e-17, 7.372574772901483e-18, 2.3852447794681044e-18, -4.2012834183813374e-19, 2.168404344971001e-18, 1.0028870095490856e-17, 7.697835424647108e-18, 9.974659986866622e-18, 4.44522890719059e-18, 9.7578195523694e-19, 2.710505431213772e-18, 9.703609443745271e-18, -1.3552527156068748e-20, 7.508100044462081e-18, 1.0462550964485073e-17, 7.047314121155814e-18, 5.956335685092172e-18, 9.242823520438847e-18, 6.559423143537357e-18, 2.4936649967166687e-18, 8.023096076392779e-18, 1.0842021724855062e-18, 2.7105054312137622e-18, 4.445228907190557e-18, 5.041540102057578e-18, 7.724940478959267e-18, 4.743384504624104e-18, 3.062871137271534e-18, 4.282598581317794e-18, -6.667843360785799e-18, 9.43255890062383e-18, 1.1926223897340364e-18, -6.7220534694101406e-18, -1.9515639104739138e-18, 6.722053469410056e-18, -6.9388939039071806e-18, 3.4694469519535865e-18, 1.9298798670241893e-17, 8.673617379884054e-18, 2.1684043449710143e-18, 5.637851296924585e-18, 1.6046192152785512e-17, -1.084202172485514e-17, 1.9515639104739015e-17, -1.0408340855860781e-17, 1.7347234759767925e-18, -2.3852447794681135e-17, 3.0357660829594043e-18, 1.994931997373333e-17, 9.540979117872434e-18, -1.4311468676808612e-17, -3.0357660829594063e-18, -1.3010426069826066e-17, -3.035766082959411e-18, 1.3010426069826065e-18, 9.107298248878203e-18, 1.1275702593849203e-17, 2.6020852139652006e-18, 1.6479873021779778e-17, -9.540979117872434e-18, -6.938893903907248e-18, 8.239936510889794e-18, -1.734723475976806e-17, 7.372574772901426e-18, 8.673617379883937e-19, 1.387778780781429e-17, -3.90312782094776e-18, 9.107298248878222e-18, 8.239936510889715e-18, 1.7347234759767948e-18, -8.673617379884047e-19, -4.770489558936188e-18, -1.5178830414796883e-17, 5.421010862427518e-18, 4.770489558936192e-18, 4.553649124439128e-18, 1.084202172485504e-18, 4.553649124439131e-18, -2.8189256484623404e-18, 6.505213034913018e-18, -1.0842021724855023e-18, 2.602085213965184e-18, 1.9949319973732936e-17, -8.890457814381173e-18, 4.5536491244391294e-18, 4.119968255444951e-18, -7.155734338404362e-18, -1.3010426069826157e-18, 3.9031278209478006e-18, 1.7347234759768156e-18, 1.0842021724854971e-18, -1.0842021724855071e-18, 6.5052130349130035e-18, 6.50521303491298e-19, -2.3852447794681383e-18, 1.1709383462843331e-17, -3.686287386450736e-18, -8.456776945386845e-18, -1.1492543028346444e-17, -1.431146867680862e-17, 2.9273458657108554e-18, 4.3368086899420235e-19, 3.9031278209478306e-18, 5.6378512969246415e-18, 6.613633252161477e-18, 2.0599841277224604e-18, -4.22838847269343e-18, -6.938893903907133e-18, 9.540979117872387e-18, 9.107298248878148e-18, 1.0191500421363651e-17, -4.770489558936254e-18, 1.2143064331837634e-17, 1.1709383462843338e-17, 6.505213034912984e-19, 1.3444106938820141e-17, 6.7220534694101036e-18, -5.8546917314217386e-18, -5.421010862427578e-18, 4.1199682554448675e-18, 2.3852447794681136e-18, 7.80625564189558e-18, 8.673617379883947e-19, 1.864827736675056e-17, 3.9031278209477975e-18, 1.1275702593849354e-17, -1.5178830414797158e-17, 1.6479873021779637e-17, -4.3368086899420014e-19, 8.239936510889905e-18, 1.1709383462843493e-17, -1.5178830414797062e-18, 8.673617379884072e-19, 1.75640751942651e-17, 7.155734338404346e-18, 1.4094628242311635e-17, 1.1058862159352148e-17, 1.7997756063259223e-17, 2.602085213965184e-18, 1.1926223897340615e-17, 1.0083080204115271e-17, 2.4069288229178322e-17, 1.2251484549086279e-17, 1.626303258728252e-17, 1.0516761073109356e-17, 3.903127820947788e-18, 1.5829351718288392e-17, 1.0950441942103595e-17, 2.076247160309742e-17, 2.412349833780256e-17, 2.892109295105102e-17, 1.5449880957918315e-17, 2.6491802458325497e-17, 1.714394685242709e-17, 1.607329720709754e-17, 1.1329912702473537e-17, 2.6888213877640593e-17, 8.239936510889824e-18, 1.70761842166466e-17, 1.9515639104739064e-18, 2.217193442732864e-17, 9.297033629063176e-18, 2.1873778829895305e-17, 4.472333961502713e-18, 2.0423658424195758e-17, 5.814034149953484e-18, 2.303929616531694e-18, 4.87890977618472e-19, -4.336808689942025e-19, 4.553649124439141e-18, 1.3010426069826047e-17, -6.288372600415878e-18, 4.336808689942026e-18, -4.011548038196362e-18, -7.914675859144147e-18, -6.830473686658692e-18, -4.228388472693444e-18, -5.204170427930443e-18, -7.697835424647065e-18, -1.2576745200831813e-17, -2.818925648462304e-18, -3.252606517456506e-18, -1.1058862159352076e-17, -9.324138683375338e-18, -1.105886215935213e-17, -1.322726650432317e-17, -3.035766082959407e-18, -2.1684043449710073e-18, -2.059984127722453e-17, 4.770489558936198e-18, 1.0842021724854925e-18, -5.6378512969246585e-18, 2.1684043449710156e-19, -4.553649124439158e-18, 1.5178830414797049e-18, 2.3852447794681086e-18, -4.336808689942032e-19, 1.1709383462843396e-17, 1.0625181290357868e-17, 3.3393426912553684e-17, 1.778091562876223e-17, 3.014082039509701e-17, 1.6263032587282693e-17, 2.255140518769846e-17, 3.8597597340483656e-17, 3.295974604355935e-17, 3.230922474006789e-17, 3.361026734705031e-17, 6.743737512859831e-17, 8.131516293641218e-17, 2.992397996059985e-17, 5.204170427930411e-17, 5.1608023410309986e-17, 5.095750210681888e-17, 6.223320470066846e-17, 2.276824562219568e-17, 5.1174342541315557e-17, 3.9031278209478116e-17, 4.813857645835646e-17, 4.737963493761705e-17, 5.0740661672321823e-17, 6.635317295611304e-17, 5.583641188300334e-17, 5.713745448998563e-17, 5.561957144850576e-17, 5.1391182975812565e-17, 4.1633363423443e-17, 6.114900252818227e-17, 2.168404344971003e-17, 4.943961906533861e-17, 2.6888213877640368e-17, 4.4235448637408304e-17, 1.4311468676808806e-17, 3.0791341698588184e-17]
mz_stag [-9.020562075079419e-17, 1.0245710529987968e-17, -1.0354130747236524e-16, 3.881443777498157e-17, -4.553649124439027e-17, -1.1666015375944062e-16, 1.1188966420050652e-16, 1.543903893619353e-16, 7.459310946700298e-17, 2.3418766925686822e-17, 4.857225732735109e-17, 5.204170427930463e-18, 1.9081958235744853e-17, -5.204170427930354e-17, -6.938893903907202e-18, -5.204170427930417e-18, 5.377642775528059e-17, -6.765421556309548e-17, -2.0816681711721546e-17, 5.204170427930421e-18, -2.4286128663675003e-17, 7.979727989493321e-17, 1.0755285551056206e-16, -3.9898639947466477e-17, 2.2551405187698378e-17, -1.7347234759767972e-17, -4.683753385137319e-17, -5.204170427930384e-17, 2.9490299091605474e-17, -4.3368086899420985e-17, -4.6837533851374e-17, -3.64291929955129e-17, -1.2143064331837526e-17, -7.632783294297904e-17, 3.4694469519536334e-18, -1.3877787807814457e-17, 5.72458747072341e-17, 2.6020852139652285e-17, 2.081668171172169e-17, 1.7347234759768032e-18, 1.2143064331837483e-17, 5.898059818321134e-17, 1.7347234759767932e-18, 7.979727989493263e-17, 2.428612866367507e-17, 1.5612511283791107e-17, -1.3877787807814515e-17, 3.642919299551297e-17, -4.8572257327351264e-17, 5.551115123125752e-17, 1.734723475976791e-17, -9.020562075079431e-17, -6.591949208711788e-17, -8.500145032286315e-17, 2.0816681711721593e-17, 5.724587470723456e-17, -8.760353553682876e-17, 1.214306433183755e-17, -1.2143064331837636e-17, -5.290906601729263e-17, -1.2143064331837736e-17, -3.556183125752457e-17, -1.1275702593849157e-17, -1.56125112837912e-17, 1.7347234759768012e-17, -4.510281037539734e-17, -6.852157730108394e-17, 8.413408858487421e-17, -8.326672684688733e-17, 2.688821387764045e-17, -6.8521577301084e-17, 5.290906601729243e-17, 7.459310946700226e-17, 2.428612866367538e-17, -1.1275702593849226e-16, 1.0408340855860893e-17, -1.1275702593849083e-17, -5.030698080332761e-17, -1.3010426069826062e-17, -9.627715291671239e-17, -4.8572257327350364e-17, 4.4235448637408396e-17, -2.4286128663675423e-17, -5.204170427930363e-18, -2.515349040166349e-17, -1.6479873021779806e-17, -3.2959746043559446e-17, 1.0408340855860903e-17, 4.9439619065339076e-17, -9.540979117872444e-18, 6.765421556309529e-17, 2.9490299091605616e-17, -5.117434254131613e-17, 3.1225022567582676e-17, 6.938893903907191e-17, -6.938893903907312e-17, 4.510281037539663e-17, -1.1449174941446855e-16, 5.377642775528018e-17, -4.336808689942026e-18, -5.4643789493269584e-17, -2.602085213965183e-17, -3.6429192995512696e-17, 4.423544863740823e-17, 2.602085213965199e-18, -9.54097911787246e-18, 8.673617379884057e-19, 1.3877787807814364e-17, -4.33680868994203e-17, 1.0408340855860935e-17, -3.4694469519536026e-18, -6.938893903907187e-18, 1.0408340855860755e-17, 1.3877787807814478e-17, -1.7347234759768025e-17, -1.387778780781449e-17, 7.285838599102586e-17, -5.377642775528084e-17, -1.3877787807814429e-17, -5.204170427930426e-18, 5.204170427930419e-17, -7.459310946700277e-17, 7.285838599102563e-17, 5.724587470723441e-17, 5.898059818321122e-17, -2.2551405187698643e-17, 7.632783294297948e-17, 3.122502256758262e-17, -5.030698080332716e-17, 4.5102810375396954e-17, -8.84708972748171e-17, 5.204170427930363e-18, 2.255140518769822e-17, 7.459310946700163e-17, 7.632783294297938e-17, 1.734723475976782e-17, -3.8163916471489485e-17, 3.469446951953619e-17, -5.204170427930387e-17, 2.9490299091605375e-17, 2.2551405187698477e-17, 6.07153216591879e-17, -5.204170427930432e-17, 1.0408340855860838e-17, -5.724587470723478e-17, -8.673617379884125e-18, -4.336808689942012e-17, -3.4694469519536073e-18, -1.3877787807814315e-17, -3.8163916471489097e-17, 2.42861286636754e-17, -1.0408340855860867e-17, 8.673617379884106e-18, 3.295974604355948e-17, 4.336808689942052e-17, -5.72458747072344e-17, -7.632783294297988e-17, 8.326672684688619e-17, 6.938893903907245e-18, -8.153200337090964e-17, 1.0408340855860769e-17, -4.683753385137435e-17, 6.938893903907159e-17, -2.949029909160589e-17, -3.4694469519535772e-18, 5.030698080332783e-17, -3.469446951953604e-18, 1.7347234759768032e-18, -1.3877787807814475e-17, -4.683753385137397e-17, -1.734723475976813e-17, -6.9388939039071236e-18, -2.0816681711721704e-17, 2.0816681711721506e-17, -2.775557561562853e-17, -2.6020852139651962e-17, -5.117434254131531e-17, -5.204170427930375e-18, -5.20417042793046e-18, 7.806255641895621e-18, 1.734723475976791e-18, 2.081668171172155e-17, 9.540979117872359e-18, 2.5153490401663614e-17, -3.469446951953623e-17, -2.77555756156292e-17, 8.673617379883931e-19, 3.55618312575246e-17, 2.1684043449709944e-17, -6.071532165918763e-18, 1.1275702593849175e-17, -2.0816681711721587e-17, -7.199102425303818e-17, 1.2143064331837725e-17, 4.25007251614317e-17, -1.9949319973733208e-17, -5.204170427930466e-18, -6.938893903907255e-18, -2.2551405187698492e-17, -1.7347234759768144e-18, -3.4694469519536003e-18, 6.331740687315362e-17, -1.7347234759768167e-18, -1.0408340855860846e-17, -6.071532165918774e-18, 4.423544863740813e-17, -1.561251128379135e-17, -2.5153490401663903e-17, 1.3877787807814528e-17, -1.040834085586091e-17, -4.597017211338525e-17, -2.2551405187698412e-17, -6.071532165918782e-18, 8.673617379884051e-18, 1.5612511283791264e-17, -5.724587470723466e-17, 0.0, 2.1684043449710234e-17, -2.7755575615628692e-17, 0.0, -1.38777878078145e-17, -2.7755575615628803e-17, -1.3877787807814475e-17, 1.5612511283791313e-17, -5.204170427930416e-17, 2.168404344970997e-17, 2.775557561562889e-17, -4.510281037539713e-17, 9.887923813067775e-17, -3.642919299551337e-17, 3.2959746043559384e-17, -2.2551405187698566e-17, -1.0408340855860782e-17, 1.3010426069826036e-17, 1.9081958235744684e-17, -4.1633363423443444e-17, -7.025630077706103e-17, -2.6020852139652094e-17, 2.7755575615628704e-17, -3.122502256758259e-17, -3.4694469519536103e-18, -1.9081958235744792e-17, -9.540979117872458e-18, -5.204170427930392e-18, -2.9490299091605844e-17, -2.168404344971004e-17, 1.821459649775642e-17, -5.2041704279304074e-18, 2.602085213965205e-18, -6.938893903907185e-18, -8.673617379884035e-18, 1.7347234759768046e-17, -2.949029909160575e-17, 4.42354486374085e-17, 3.6429192995512924e-17, -2.168404344971003e-17, 5.204170427930398e-18, -2.6020852139651817e-17, -2.7755575615629086e-17, 7.025630077706091e-17, 1.734723475976822e-18, 4.510281037539695e-17, -3.7296554733501334e-17, -1.5612511283791316e-17, -4.3368086899419985e-18, -7.806255641895576e-18, 1.1275702593849295e-17, 3.4694469519536057e-18, 7.806255641895629e-18, 1.7347234759768207e-17, -8.673617379884024e-19, 4.857225732735022e-17, 2.0816681711721694e-17, 1.6479873021779593e-17, 1.7347234759767901e-18, 1.7347234759768056e-18, 7.71951946809673e-17, 1.7347234759768029e-18, -3.035766082959406e-17, -2.0816681711721676e-17, -2.0816681711721753e-17, 1.301042606982616e-17, 4.7704895589362374e-17, -3.4694469519535972e-18, -1.3877787807814441e-17, 7.806255641895643e-18, -6.0715321659188895e-18, 2.862293735361744e-17, -1.1275702593849277e-17, 2.3418766925686837e-17, 7.80625564189557e-18, 5.898059818321079e-17, 1.3010426069825967e-17, 3.3827107781547436e-17, 2.081668171172162e-17, -1.2143064331837617e-17, -1.561251128379114e-17, 2.6020852139651968e-17, 2.6020852139651945e-18, 1.8214596497756666e-17, -2.862293735361718e-17]
loschmidt_echo [0.9999999999999982, 0.996805579064781, 0.9872889234469323, 0.9716473170872136, 0.9502012566612359, 0.9233824954600911, 0.8917182794601418, 0.8558126550345675, 0.8163258544619902, 0.7739528169813489, 0.7294018802799822, 0.6833745873748099, 0.6365474096967407, 0.5895560052744572, 0.5429824292657337, 0.4973455102894408, 0.45309441552230684, 0.4106052624125942, 0.3701805031700617, 0.3320507137979159, 0.29637836243683074, 0.2632631092059859, 0.2327481963916601, 0.2048275173565402, 0.17945299816139665, 0.15654198118305795, 0.1359843593792247, 0.11764926879991985, 0.10139120217607323, 0.08705545576159543, 0.07448286387811709, 0.06351381040083116, 0.053991533883382035, 0.04576476368051724, 0.03868973903729108, 0.0326316725250633, 0.02746572429033623, 0.023077555185793405, 0.01936352575471929, 0.016230604940206814, 0.013596047896335197, 0.011386896898296668, 0.009539353489907365, 0.007998063981151696, 0.006715354438574939, 0.005650445548042658, 0.004768672269077312, 0.004040728105386459, 0.003441949134636369, 0.002951648717209086, 0.0025525100871975764, 0.002230040867826813, 0.0019720909854490177, 0.0017684334918190484, 0.0016104064114725964, 0.001490612825128465, 0.001402675845121758, 0.0013410447627792675, 0.001300848270783745, 0.001277790136788319, 0.0012680819477324768, 0.001268406575350046, 0.001275904957585886, 0.0012881778643636667, 0.0013032937840837197, 0.0013197941805927304, 0.0013366882992196427, 0.00135343147725643, 0.0013698834048074106, 0.0013862456946891, 0.001402981055073941, 0.0014207188869283444, 0.0014401538839255732, 0.0014619449730869114, 0.0014866216700957942, 0.0015145037991886232, 0.001545638858532139, 0.001579759480420842, 0.0016162617946359557, 0.001654204291533447, 0.001692326072544354, 0.0017290830765840691, 0.001762700767707709, 0.0017912416086287753, 0.0018126852235165302, 0.0018250183932239752, 0.0018263310072535286, 0.0018149130442465821, 0.0017893468757383588, 0.0017485889914882265, 0.0016920358388395186, 0.001619569900184832, 0.0015315842602053973, 0.0014289864323141948, 0.0013131847186224881, 0.0011860624609337925, 0.0010499468788224171, 0.0009075796162334037, 0.000762095645166725, 0.000617015986972506, 0.00047625810672542496, 0.0003441661521173264, 0.00022556174576846967, 0.0001258150003274831, 5.09348789213818e-05, 7.677907058588995e-06, 3.6743895334854667e-06, 4.757147275733828e-05, 0.00014919238806737625, 0.0003197108220053807, 0.0005718384613439653, 0.0009200223124115859, 0.0013806464355394623, 0.0019722303743339793, 0.0027156139557360454, 0.0036341154854093016, 0.004753647881100155, 0.006102775205033749, 0.007712690613799007, 0.00961709618153437, 0.011851965604596082, 0.014455172678804785, 0.017465971829416574, 0.020924321977958443, 0.024870051659047404, 0.029341871432444742, 0.03437624898827268, 0.0400061724537777, 0.046259837634940085, 0.05315930446333818, 0.060719175858985217, 0.06894535762720529, 0.07783396002495807, 0.0873703996025533, 0.09752875351364251, 0.10827140777516489, 0.11954902651392099, 0.13130085210252468, 0.14345532771570185, 0.1559310159409826, 0.16863777142727474, 0.18147811374101191, 0.19434873980076647, 0.2071421140528262, 0.2197480788025337, 0.23205543599499345, 0.24395346383199262, 0.255333345145031, 0.26608949756948624, 0.2761208066516341, 0.2853317709024679, 0.29363357193562967, 0.3009450832729273, 0.3071938287793088, 0.3123168969400334, 0.31626181133240444, 0.3189873515419703, 0.32046431298752076, 0.32067618886402055, 0.31961975262825104, 0.3173055149807703, 0.3137580250916702, 0.3090159821219866, 0.3031321205392346, 0.2961728322897018, 0.28821749172501027, 0.279357456328039, 0.2696947283692307, 0.2593402795709431, 0.24841206173088817, 0.2370327492669544, 0.22532728234922622, 0.2134202989195357, 0.20143355783540093, 0.18948346155659856, 0.17767878410085328, 0.16611869845683686, 0.15489117843606132, 0.1440718252206286, 0.13372314139614358, 0.12389424802121517, 0.11462101600933604, 0.10592656390792014, 0.09782206132485345, 0.09030777111206115, 0.08337426343516123, 0.07700373983315496, 0.07117141368758012, 0.06584690344808931, 0.06099560491786897, 0.05658001764658348, 0.052561007223646324, 0.0488989897015699, 0.04555502662821243, 0.04249181967841506, 0.03967459330519566, 0.0370718529125129, 0.034656005485901774, 0.03240382998479137, 0.03029678650214374, 0.028321156423265555, 0.026468010534694667, 0.024733008002896326, 0.02311603593246297, 0.02162070625314636, 0.02025373331753621, 0.019024221145113825, 0.0179428931172448, 0.017021298649562536, 0.01627103069612952, 0.01570298489012377, 0.015326685995261994, 0.015149700687108551, 0.015177148259693013, 0.015411313523759811, 0.01585135978434618, 0.016493135085852834, 0.0173290623851219, 0.018348104133353978, 0.01953579373665928, 0.020874329997432016, 0.02234273510550248, 0.02391708106291286, 0.02557079256862042, 0.02727503546262033, 0.028999198213825923, 0.030711469415048168, 0.03237950707740258, 0.03397118642661275, 0.03545540302538847, 0.03680289875986952, 0.037987070961190035, 0.038984720931553835, 0.03977669826189743, 0.04034840186954501, 0.040690107335196665, 0.04079710198034519, 0.04066962285088554, 0.0403126067757735, 0.039735274380386994, 0.03895058003677875, 0.037974566351378004, 0.03682566458723049, 0.03552398159010622, 0.03409060997198122, 0.03254699241499921, 0.030914363994976792, 0.0292132892974347, 0.02746330450293545, 0.025682668956626836, 0.023888226127551704, 0.02209537019142641, 0.020318111475857336, 0.018569231377736736, 0.016860514820760467, 0.015203045680857175, 0.013607547808069215, 0.012084751386907747, 0.01064576159873818, 0.009302404177358115, 0.008067520855203215, 0.00695518729406901, 0.005980827286336169, 0.005161200144667136, 0.004514243489955403, 0.004058761130771578, 0.00381395519312708, 0.0037988126269055643, 0.004031367940408109, 0.0045278755369985825, 0.005301935261258588, 0.006363622613267773, 0.0077186795931131055, 0.009367822582900856, 0.01130621970548993, 0.01352318177758186, 0.016002098782305504, 0.0187206385875471, 0.02165120759342609, 0.024761655453306365, 0.02801618938319426, 0.03137644919140297, 0.03480268317750327, 0.03825495834309677, 0.04169433645709131, 0.045083950568939234, 0.04838992431176444, 0.0515820881524179, 0.05463446166875354, 0.057525487757602085, 0.06023802204711577, 0.06275909732857159, 0.06507949726493384, 0.06719318493186548, 0.06909663917740315, 0.07078815500118962, 0.07226716319004886, 0.07353361968165749, 0.07458750720116512, 0.07542848141855263, 0.07605568204587375]
time: calculate dynamics 37.210564613342285
time: plot 0.5430800914764404
