Lx= 3
Ly= 3
N= 9
Hc= 3.04438
field_i= 6.08876
field_f= 0.0
tau=infty
Nsteps= 101
field_steps: h(t)= [6.08876, 6.0278724, 5.9669848, 5.9060972, 5.8452096, 5.7843219999999995, 5.7234343999999995, 5.662546799999999, 5.601659199999999, 5.540771599999999, 5.479884, 5.418996399999999, 5.3581088, 5.2972212, 5.2363336, 5.175446, 5.1145584, 5.0536708, 4.9927832, 4.9318956, 4.871008, 4.8101204, 4.7492328, 4.6883452, 4.6274576, 4.56657, 4.5056823999999995, 4.4447948, 4.3839071999999994, 4.3230196, 4.262131999999999, 4.2012444, 4.140356799999999, 4.0794692, 4.0185816, 3.957694, 3.8968064, 3.8359187999999995, 3.7750312, 3.7141436, 3.653256, 3.5923684, 3.5314807999999998, 3.4705932, 3.4097055999999997, 3.348818, 3.2879303999999996, 3.2270428, 3.1661552, 3.1052675999999995, 3.04438, 2.9834924000000003, 2.9226048, 2.8617171999999997, 2.8008296, 2.7399419999999997, 2.6790544, 2.6181668, 2.5572792, 2.4963916, 2.4355039999999994, 2.3746164, 2.3137288000000003, 2.2528411999999998, 2.1919535999999997, 2.131066, 2.0701783999999996, 2.0092907999999996, 1.9484032000000004, 1.8875155999999995, 1.8266280000000004, 1.7657403999999994, 1.7048528000000003, 1.6439652000000002, 1.5830775999999993, 1.5221900000000002, 1.4613024000000001, 1.4004148, 1.3395272, 1.2786396, 1.217752, 1.1568644, 1.0959767999999999, 1.0350891999999998, 0.9742015999999998, 0.9133140000000006, 0.8524264000000006, 0.7915387999999997, 0.7306511999999996, 0.6697635999999996, 0.6088760000000004, 0.5479884000000004, 0.48710079999999945, 0.4262131999999994, 0.36532560000000025, 0.3044380000000002, 0.24355040000000017, 0.18266280000000013, 0.1217751999999992, 0.06088760000000004, 0.0]
small -h_z\sigma^z: hz= 0.0
site1 [0, 0, 1, 1, 2, 2, 3, 3, 4, 4, 5, 5, 6, 6, 7, 7, 8, 8]
site2 [1, 3, 2, 4, 0, 5, 4, 6, 5, 7, 3, 8, 7, 0, 8, 1, 6, 2]
Jzz [1.0, 1.0, 1.0, 1.0, 1.0, 1.0, 1.0, 1.0, 1.0, 1.0, 1.0, 1.0, 1.0, 1.0, 1.0, 1.0, 1.0, 1.0]
Jx [1. 1. 1. 1. 1. 1. 1. 1. 1.]
time: prepare interaction 0.0013539791107177734
time: prepare Hamiltonian 0.2978372573852539
energy(t=0) -55.62926284470825 -47.81970053973912
time: prepare intial state 0.008931636810302734
ene0 [-55.629262844708315, -55.629142025106276, -55.628766940584285, -55.62811748666457, -55.627171886708574, -55.625906531517586, -55.624295801181084, -55.62231186694066, -55.61992447052502, -55.61710067804968, -55.61380460515898, -55.60999710960482, -55.60563544689842, -55.600672884024036, -55.59505826545185, -55.58873552481422, -55.581643134594195, -55.573713484993604, -55.56487218177148, -55.55503725124055, -55.54411823874055, -55.532015184729126, -55.51861746009402, -55.50380243933649, -55.487433986842376, -55.46936072747239, -55.449414068092956, -55.42740593135295, -55.40312615691682, -55.376339518419734, -55.34678229657702, -55.31415834015142, -55.27813453693122, -55.238335606683485, -55.1943381175918, -55.14566361761064, -55.09177076353455, -55.03204632505909, -54.96579494125399, -54.8922275164714, -54.8104481672972, -54.71943967959563, -54.61804751596503, -54.50496254391071, -54.37870285333367, -54.237595323204665, -54.079758010754304, -53.90308500341243, -53.705236121307806, -53.4836347977174, -53.23547857131218, -52.95776780411151, -52.64735928831343, -52.30105196006999, -51.91571144216863, -51.48843785895406, -51.016776528551816, -50.498963219420546, -49.934184891281355, -49.32282478174021, -48.66665057715224, -47.968900749127144, -47.2342313131039, -46.46850510477039, -45.678435298758096, -44.871126426041144, -44.05357927519812, -43.2322326793364, -42.41260337993523, -41.599059989094364, -40.79473774487044, -40.001576137836096, -39.22044675149565, -38.451334459529726, -37.6935389018177, -36.945871195835494, -36.206829852833515, -35.4747477610017, -34.7479079614733, -34.02462970905985, -33.30332834754216, -32.582553342251494, -31.861008863693286, -31.137560958295126, -30.41123481146167, -29.68120504240149, -28.94678143928155, -28.2073920737019, -27.462565328186407, -26.711912021779874, -25.955108516737106, -25.191881424975712, -24.421994300813374, -23.64523650404916, -22.861414244693076, -22.070343679094925, -21.271845818888856, -20.46574294077932, -19.651856147586262, -18.83000372876275, -18.00000000000001]
ene [-55.629262844708315, -55.09108467170728, -54.5531512733345, -54.015472311419735, -53.47805798050418, -52.94091904591575, -52.40406688519348, -51.86751353320962, -51.33127173137994, -50.79535498139969, -50.259777603996504, -49.72455480325248, -49.18970273711702, -48.65523859481062, -48.121180681911085, -47.587548514015225, -47.05436291998761, -46.52164615594299, -45.989422031262016, -45.45771604811832, -44.926555556196625, -44.39596992451509, -43.865990732532175, -43.33665198302456, -42.807990339575376, -42.28004539191489, -41.752859952818234, -41.22648039079298, -40.70095700339169, -40.17634443666925, -39.65270215707819, -39.13009498296515, -38.608593683799434, -38.08827565633038, -37.56922568802381, -37.051536819348115, -36.53531131772725, -36.02066177718433, -35.50771235875747, -34.9966001875156, -34.48747692219107, -33.980510512722326, -33.47588715885911, -32.97381347872057, -32.47451888885836, -31.978258185700014, -31.485314300620065, -30.996001175349946, -30.510666668766298, -30.029695358058827, -29.553511035138584, -29.082578622607134, -28.617405145249574, -28.15853930036116, -27.706569088154946, -27.26211691645274, -26.825831616289705, -26.39837693808602, -25.980416379696877, -25.57259464550176, -25.175516624244622, -24.789725415092125, -24.41568147601569, -24.053745234067833, -23.70416533339567, -23.367074060319634, -23.042490482930248, -22.73033071401395, -22.430423735720055, -22.142530635092996, -21.866364976861195, -21.601612323841128, -21.34794745214318, -21.105048423354397, -20.872607231016403, -20.650337157440347, -20.43797723983694, -20.235294370571253, -20.04208358088663, -19.858167018205215, -19.683392055067884, -19.517628884707378, -19.360767877430842, -19.212716900227676, -19.073398741843707, -18.942748737029245, -18.820712645628873, -18.70724481306879, -18.602306617053493, -18.50586518954737, -18.417892392265184, -18.3383640170298, -18.267259178743323, -18.204559867742834, -18.150250629429475, -18.104318341766906, -18.06675206507384, -18.037542943029553, -18.016684138557043, -18.004170792857106, -17.999999999999996]
mz0mz1 [0.0999731259221266, 0.10130037140036952, 0.102665754338601, 0.10407101732425374, 0.1055180128666002, 0.1070087121933876, 0.10854521489191468, 0.11012975948793785, 0.11176473506731298, 0.11345269405832534, 0.11519636630745171, 0.11699867459808021, 0.11886275178074154, 0.12079195970500167, 0.12278991016766104, 0.12486048811968081, 0.1270078774057266, 0.1292365893458489, 0.13155149450907816, 0.13395785807411795, 0.13646137922338217, 0.13906823507382943, 0.14178512971182908, 0.14461934896992118, 0.14757882166092237, 0.15067218806902244, 0.15390887658749267, 0.15729918948669355, 0.1608543988911873, 0.1645868541362513, 0.16851010175449543, 0.1726390194015523, 0.17698996504968767, 0.18158094273610154, 0.18643178601523355, 0.1915643599843174, 0.19700278226313772, 0.20277366252208798, 0.20890635894444282, 0.2154332482148204, 0.22239000302954795, 0.22981586744727706, 0.23775391529092565, 0.24625126985677842, 0.2553592539130694, 0.26513342690585684, 0.2756334510643408, 0.28692270963845834, 0.2990675793618329, 0.31213623710010757, 0.32619686105361007, 0.34131507609939965, 0.35755050073281297, 0.3749522934096711, 0.3935536856746267, 0.41336564443670804, 0.4343700340998909, 0.4565129389605446, 0.4796991116243973, 0.5037887462324169, 0.5285978142021978, 0.5539029255858415, 0.579451037368836, 0.6049733990566838, 0.6302021376599615, 0.6548871633508737, 0.6788109031450249, 0.7017988333194812, 0.7237247266454883, 0.7445106311170485, 0.7641225121746085, 0.7825630081274384, 0.799862836552809, 0.8160721551964523, 0.8312527865273127, 0.8454718043319613, 0.8587966429208258, 0.871291658408431, 0.8830159422622859, 0.8940221363785261, 0.9043559989971848, 0.9140564986062836, 0.9231562521657223, 0.9316821644790838, 0.9396561621699635, 0.9470959464489546, 0.9540157134450548, 0.9604268099289622, 0.966338306671157, 0.9717574823440431, 0.9766902185550296, 0.9811413118914534, 0.9851147122390246, 0.988613698474277, 0.9916410032356902, 0.9941988981176698, 0.9962892495554571, 0.99791355411261, 0.9990729600683279, 0.9997682803349877, 1.0]
mx0mx1 [0.9733463564704965, 0.972683258979855, 0.971994078472592, 0.9712773838210993, 0.9705316422949238, 0.9697552107017183, 0.968946325615712, 0.968103092586027, 0.9672234742029824, 0.9663052768843056, 0.9653461362246025, 0.9643435007301744, 0.9632946137368674, 0.9621964932806785, 0.9610459096587068, 0.959839360381156, 0.9585730421727134, 0.9572428196329631, 0.9558441901095704, 0.9543722442738222, 0.9528216218145323, 0.9511864615820789, 0.9494603454180965, 0.9476362347967223, 0.9457063992788451, 0.9436623356403848, 0.9414946763781384, 0.9391930861218241, 0.9367461442891272, 0.9341412121137241, 0.9313642819588358, 0.9283998066085694, 0.9252305060192361, 0.9218371488335504, 0.918198305843783, 0.9142900725827442, 0.9100857583931788, 0.9055555397765699, 0.9006660766931553, 0.8953800919742414, 0.8896559163880263, 0.8834470055383746, 0.8767014401564813, 0.8693614290864913, 0.8613628451256113, 0.8526348387275111, 0.8430995943122016, 0.8326723192778458, 0.8212615869817826, 0.8087701910007306, 0.7950967058378732, 0.7801379824318655, 0.7637928238688687, 0.7459670698230628, 0.7265802433016462, 0.705573752662937, 0.6829203727775138, 0.658634348599697, 0.63278100979296, 0.6054843532391129, 0.5769307992680754, 0.547367442682181, 0.5170937365151105, 0.48644665078373417, 0.4557807119453124, 0.42544554514093114, 0.39576418172733774, 0.36701521297188844, 0.3394209336692274, 0.31314227180844306, 0.2882799903560013, 0.2648807249643165, 0.24294602653847336, 0.22244264918622308, 0.20331268965889537, 0.185482657993011, 0.16887100310572983, 0.15339395999417005, 0.13896980964337344, 0.1255217638002049, 0.1129797321890913, 0.10128122747617578, 0.09037163561749467, 0.08020404142466048, 0.07073876040511863, 0.061942692876400876, 0.053788586840943405, 0.04625427233867111, 0.03932191137981041, 0.03297729323346277, 0.027209193937284087, 0.022008810647368548, 0.017369275265025054, 0.01328524720049191, 0.009752581817683497, 0.006768068784591026, 0.004329233020416365, 0.002434190006408808, 0.001081546758587499, 0.0002703396100634686, 4.320065129135675e-18]
mx [0.9823154391244421, 0.981877268568087, 0.981421930874622, 0.9809484867713991, 0.9804559303647628, 0.9799431833235266, 0.9794090884611173, 0.9788524026449791, 0.9782717889523462, 0.9776658079806037, 0.9770329082079995, 0.9763714152861516, 0.9756795201293507, 0.9749552656467548, 0.9741965319418066, 0.9734010197781552, 0.9725662320824878, 0.9716894532214245, 0.9707677257512761, 0.9697978242953029, 0.9687762261522264, 0.9676990781812206, 0.9665621594413513, 0.9653608389863345, 0.964090028127343, 0.962744126376215, 0.9613169601677349, 0.9598017133317504, 0.9581908481434179, 0.9564760156230898, 0.9546479535879975, 0.9526963707794448, 0.9506098152084395, 0.9483755246905531, 0.9459792573951856, 0.9434051001425017, 0.9406352521841351, 0.9376497823614788, 0.93442635793484, 0.930939944141238, 0.9271624748400757, 0.9230624966795764, 0.9186047923775095, 0.9137499933664418, 0.9084541987184113, 0.902668626542081, 0.8963393365917266, 0.889407079235987, 0.8818073465203792, 0.8734707254736682, 0.8643236804346078, 0.8542899162522841, 0.8432924907739431, 0.8312568419093527, 0.8181148560813579, 0.8038100123851767, 0.788303473481442, 0.7715807545950013, 0.7536583052130702, 0.7345890414752705, 0.7144656697388608, 0.6934206652655784, 0.6716221117174165, 0.6492652749903112, 0.6265606502049821, 0.6037200328642983, 0.5809426443805686, 0.5584033107194559, 0.536244166853102, 0.5145705388834414, 0.4934508198663966, 0.47291953609861476, 0.4529825027965024, 0.4336229684057836, 0.4148078452815073, 0.39649340602575156, 0.378630100203921, 0.3611663661064714, 0.34405146168700207, 0.32723742426384184, 0.3106803057435674, 0.29434083581583825, 0.2781846536297172, 0.2621822286324239, 0.24630856953180635, 0.23054279992642737, 0.21486766138244076, 0.1992689899089211, 0.18373519965213816, 0.1682567977640967, 0.15282594636577282, 0.13743608096320206, 0.1220815893276378, 0.10675755055238685, 0.0914595306479235, 0.07618342857215343, 0.06092536496923366, 0.04568160506230316, 0.030448507055192562, 0.015222487971150235, 2.2744407156957664e-16]
mz [0.0, 1.5265566588595902e-16, 5.551115123125784e-17, -4.440892098500628e-16, 6.800116025829093e-16, -5.551115123125784e-17, -9.714451465470116e-16, -1.110223024625157e-16, 1.387778780781446e-17, -7.077671781985384e-16, 2.359223927328455e-16, -4.718447854656908e-16, -4.718447854656912e-16, 7.91033905045424e-16, 2.359223927328455e-16, -6.522560269672777e-16, -3.053113317719178e-16, 2.359223927328461e-16, -3.885780586188049e-16, 1.0269562977782698e-15, 5.412337245047637e-16, -4.996003610813206e-16, 4.440892098500622e-16, 2.7755575615628852e-17, -2.2204460492503155e-16, 2.4008572907518955e-15, 8.881784197001254e-16, 1.9428902930940244e-16, -8.187894806610537e-16, 1.2490009027033006e-16, 4.44089209850062e-16, 8.049116928532395e-16, 4.163336342344337e-17, 3.6082248300317597e-16, -2.636779683484749e-16, -1.7208456881689938e-15, -1.2628786905111173e-15, 4.718447854656928e-16, -2.7755575615628953e-16, 1.0547118733939009e-15, 2.109423746787796e-15, -1.3045120539345572e-15, 5.218048215738241e-15, 2.6645352591003757e-15, -5.27355936696949e-16, 8.326672684688659e-17, -6.938893903907238e-16, -7.41073868937292e-15, -3.0253577421035516e-15, -1.2490009027032995e-15, -8.881784197001254e-16, 8.326672684688659e-17, -5.051514762044469e-15, 2.220446049250312e-16, 6.966649479522859e-15, 1.7263968032921184e-14, -5.162537064506978e-15, 4.718447854656915e-16, 3.8136160895874077e-14, -1.2934098236883063e-14, -2.9309887850104145e-14, 8.992806499463738e-15, 9.031664305325645e-14, 3.602673714908635e-14, -5.0126569561825925e-14, 1.9817480989559003e-14, -1.8929302569858932e-14, 9.992007221626404e-14, 7.771561172376073e-16, -9.45910016980633e-14, 9.003908729710012e-14, -6.278311204255261e-14, 5.337952302397757e-13, -1.643130076445231e-14, 1.8797741141440838e-12, -1.2967404927621844e-13, 8.258393968674216e-13, 1.6722179196904112e-12, 2.398636844702655e-13, -3.2782110359619294e-12, 6.2614358142809465e-12, -7.350231534530838e-13, -1.3918310948213263e-12, -7.254141731749529e-12, 3.543448867660007e-11, 5.6038507167954854e-11, -4.099742767493801e-11, 2.1771412450632932e-10, -5.494322219412595e-10, -2.334139548310077e-10, 1.2666917514891896e-10, 1.2339613775225192e-08, 3.627708244913208e-08, 1.254072576895026e-07, -1.867585916470736e-07, -2.0036164787295974e-06, -2.8770695763569144e-06, -3.669833498837204e-05, -0.00045735038839223035, 0.43088902940279933, 0.8010638294807422]
mx_stag [0.1091461599027158, 0.109097474285343, 0.10904688120829133, 0.10899427630793324, 0.10893954781830695, 0.1088825759248363, 0.10882323205123527, 0.10876137807166433, 0.10869686543914958, 0.10862953422006706, 0.10855921202311106, 0.1084857128095724, 0.10840883556992788, 0.10832836284963943, 0.10824405910464517, 0.10815566886423945, 0.10806291467583197, 0.10796549480238049, 0.10786308063903069, 0.1077553138105892, 0.10764180290580296, 0.10752211979791339, 0.10739579549348346, 0.10726231544292605, 0.10712111423637145, 0.10697156959735722, 0.10681299557419277, 0.10664463481463893, 0.10646564979371309, 0.10627511284701001, 0.10607199484311083, 0.10585515230882722, 0.10562331280093773, 0.10537505829895034, 0.10510880637724283, 0.10482278890472241, 0.10451502802045949, 0.10418330915127545, 0.1038251508816489, 0.10343777157124869, 0.10301805276000842, 0.10256249963106404, 0.10206719915305662, 0.10152777704071572, 0.10093935541315673, 0.1002965140602312, 0.09959325962130292, 0.09882300880399855, 0.09797859405781986, 0.09705230283040757, 0.09603596449273422, 0.09492110180580937, 0.0936991656415493, 0.09236187132326137, 0.09090165067570635, 0.08931222359835299, 0.08758927483127132, 0.08573119495500015, 0.0837398116903412, 0.08162100460836343, 0.07938507441542891, 0.0770467405850643, 0.07462467907971296, 0.0721405861100346, 0.06961785002277583, 0.0670800036515887, 0.06454918270895207, 0.06204481230216176, 0.05958268520590022, 0.05717450432038234, 0.054827868874044096, 0.052546615122068235, 0.0503313891996113, 0.04818032982286486, 0.04608976058683415, 0.0440548228917502, 0.042070011133769056, 0.040129596234052475, 0.038227940187444846, 0.036359713807093456, 0.034520033971507415, 0.03270453731287093, 0.03090940595885749, 0.02913135873693593, 0.027367618836867374, 0.025615866658492033, 0.023874184598049027, 0.022140998878769018, 0.02041502218357093, 0.01869519975156633, 0.016980660707308096, 0.01527067566257806, 0.013564621036404201, 0.011861950061376324, 0.010162170071991546, 0.008464825396905927, 0.006769484996581515, 0.005075733895811328, 0.0033831674505769836, 0.0016913875523500393, 2.804832082185201e-17]
mz_stag [2.359223927328461e-16, -6.938893903907228e-17, -8.326672684688677e-17, -2.0816681711721694e-17, 1.3877787807814475e-17, -4.857225732735061e-17, -1.9428902930940232e-16, -1.4571677198205187e-16, 2.289834988289386e-16, -1.1102230246251583e-16, 1.3877787807814441e-17, -1.7347234759768044e-16, -1.8041124150158781e-16, 1.3877787807814457e-17, -2.7755575615628883e-17, 2.081668171172163e-17, 1.3877787807814444e-17, 4.857225732735067e-17, 6.93889390390723e-18, -2.7755575615628914e-17, -4.8572257327350586e-17, -2.844946500601965e-16, 6.938893903907222e-17, -9.020562075079377e-17, -3.0531133177191834e-16, 2.359223927328452e-16, 1.3183898417423736e-16, 1.387778780781446e-17, -1.804112415015881e-16, 4.163336342344335e-16, 1.110223024625155e-16, 1.4571677198205197e-16, 1.6653345369377348e-16, 2.220446049250314e-16, -9.714451465470127e-17, -7.632783294297956e-17, -1.7347234759768096e-16, 1.0408340855860871e-16, 1.318389841742375e-16, 1.1102230246251588e-16, 3.6082248300317563e-16, -1.5265566588595883e-16, 5.898059818321151e-16, 3.608224830031759e-16, -2.7755575615628895e-17, 8.326672684688659e-17, 1.3877787807814478e-17, -1.0130785099704553e-15, -4.440892098500626e-16, 2.7755575615628877e-17, 4.163336342344338e-17, -4.302114220422474e-16, -6.661338147750949e-16, -4.857225732735058e-17, 7.285838599102592e-16, 1.8943180357666733e-15, -6.800116025829084e-16, -2.7755575615628914e-17, 3.996802888650558e-15, -1.4571677198205166e-15, -3.1710745140856046e-15, 9.367506770274727e-16, 1.0019762797242033e-14, 3.767819389821627e-15, -5.6135651682609596e-15, 2.255140518769845e-15, -2.0122792321330974e-15, 1.1136924715771097e-14, 7.632783294297929e-17, -1.047772979489991e-14, 9.950373858202956e-15, -6.980527267330673e-15, 5.926509283327168e-14, -1.8665624601510436e-15, 2.0885376761370367e-13, -1.443289932012705e-14, 9.176687187917297e-14, 1.8582357874663563e-13, 2.6582902545868646e-14, -3.642572354856098e-13, 6.957073805935453e-13, -8.164996456727623e-14, -1.5461937286076464e-13, -8.059733436205349e-13, 3.9372116678038115e-12, 6.2264637890052735e-12, -4.555252008930913e-12, 2.41904760112099e-11, -6.104798611072937e-11, -2.5934844549713176e-11, 1.4074352794324328e-11, 1.371068286681876e-09, 4.030786954212218e-09, 1.3934139765636723e-08, -2.075095459352914e-08, -2.2262405320605527e-07, -3.19674397342151e-07, -4.077592776520477e-06, -5.081670982134968e-05, 0.047876558822533215, 0.08900709216452693]
loschmidt_echo [0.9999999999999971, 0.9999936875239421, 0.9999740669137651, 0.9999400489526428, 0.9998904519410344, 0.9998239927555168, 0.9997392769206886, 0.999634787571427, 0.9995088731658914, 0.9993597337902194, 0.9991854058735135, 0.9989837451059471, 0.9987524073230971, 0.9984888270853075, 0.998190193641272, 0.9978534239191963, 0.9974751321359179, 0.9970515955530521, 0.9965787158382592, 0.9960519754076358, 0.9954663880302369, 0.9948164428659697, 0.99409604098137, 0.993298423241763, 0.9924160883105028, 0.9914406992938101, 0.9903629773506853, 0.9891725803392775, 0.9878579642925076, 0.986406225206418, 0.9848029182867876, 0.9830318514384027, 0.9810748494081536, 0.9789114846268977, 0.976518770467442, 0.9738708123963566, 0.9709384124209268, 0.9676886224313009, 0.9640842426750807, 0.9600832629112642, 0.9556382461020158, 0.950695658269194, 0.9451951539823654, 0.9390688356634832, 0.9322405175129014, 0.9246250426111702, 0.9161277259923752, 0.9066440285125581, 0.8960596069698648, 0.8842509347773874, 0.8710867417451672, 0.8564305742553179, 0.8401448150512288, 0.822096503273284, 0.8021652291444853, 0.7802532058744562, 0.7562973081323247, 0.7302823965488524, 0.7022546534693135, 0.6723330444722113, 0.6407165865411635, 0.6076850933329392, 0.5735916875778723, 0.5388466572367181, 0.5038939515725325, 0.4691832781875458, 0.43514180648101125, 0.4021495255496882, 0.37052134245249657, 0.3404974122916788, 0.3122415160976498, 0.2858460204828479, 0.26134129600543216, 0.2387074135732671, 0.2178862930929482, 0.19879301920022696, 0.1813255838475122, 0.16537276002767437, 0.15082011910367898, 0.13755438474822737, 0.12546639842947402, 0.11445298747496371, 0.10441800487723925, 0.09527277034833993, 0.08693609755982903, 0.07933405023976052, 0.07239953321639002, 0.06607179463812589, 0.0602958922271443, 0.055022158723242925, 0.050205688644214666, 0.04580585915464108, 0.04178589134113095, 0.03811245383074718, 0.034755307895937726, 0.03168699152393941, 0.02888253905528154, 0.026319232651358545, 0.023976380681574126, 0.02076936730471947, 0.003989778137389019]
kink density of the final state: N tau KinkDens 9 inf 0.0
time: calculate dynamics 0.4021873474121094
time: plot 0.5045242309570312
